#Table: J/ApJ/837/120/table4a.dat (cdsarc.u-strasbg.fr)
-------------------------------------------------------------------------
    Mass50|    Mass16|    Mass84|    SNR50|     SNR16|     SNR84|Nsn|Ngal
----------|----------|----------|---------|----------|----------|---|----
3.45e+08  |2.2149e+08|5.1167e+08| 2.213800| 1.8314000| 5.0909000|  1| 171
8.4208e+08|5.3667e+08|1.2398e+09| 0.383790| 0.3174900| 0.8825600|  1| 454
8.825e+08 |5.6488e+08|1.3049e+09| 1.087200| 0.5916900| 1.0575000|  3| 456
9.7333e+08|6.7457e+08|1.5583e+09| 0.859360| 0.4677000| 0.8359400|  3| 483
1.4162e+09|9.1337e+08|2.11e+09  | 0.868140| 0.4154900| 0.6864400|  4| 478
1.4453e+09|9.2924e+08|2.1467e+09| 0.871220| 0.4169600| 0.6888800|  4| 466
1.4779e+09|9.4006e+08|2.1717e+09| 1.011900| 0.4370700| 0.6845300|  5| 484
2.1567e+09|1.3049e+09|3.0146e+09| 0.721720| 0.2862800| 0.4310700|  6| 592
2.4917e+09|1.5583e+09|3.6e+09   | 0.477160| 0.2061100| 0.3228000|  5| 641
2.6817e+09|1.6925e+09|3.91e+09  | 0.429900| 0.1856900| 0.2908300|  5| 670
3.25e+09  |2.1467e+09|4.9591e+09| 0.328880| 0.1420600| 0.2224900|  5| 728
3.3317e+09|2.1717e+09|5.0168e+09| 0.330820| 0.1429000| 0.2238000|  5| 711
5.5633e+09|3.5042e+09|8.0951e+09| 0.146110| 0.0699270| 0.1155300|  4| 812
5.6842e+09|3.5467e+09|8.1933e+09| 0.399410| 0.1185700| 0.1603700| 11| 806
5.8042e+09|3.6098e+09|8.3392e+09| 0.392640| 0.1165600| 0.1576500| 11| 805
5.8442e+09|3.6286e+09|8.3825e+09| 0.421940| 0.1200900| 0.1603400| 12| 811
5.8625e+09|3.6477e+09|8.4267e+09| 0.450680| 0.1233700| 0.1628600| 13| 815
6.0792e+09|3.7938e+09|8.7642e+09| 0.463990| 0.1225100| 0.1600900| 14| 821
6.5929e+09|4.1492e+09|9.5851e+09| 0.430120| 0.1098100| 0.1421900| 15| 868
7.9158e+09|4.9882e+09|1.1523e+10| 0.353820| 0.0875250| 0.1124100| 16| 942
1.1466e+10|7.0758e+09|1.6346e+10| 0.203780| 0.0504080| 0.0647400| 16|1163
1.1593e+10|7.18e+09  |1.6587e+10| 0.313020| 0.0621830| 0.0759590| 25|1169
1.1973e+10|7.3225e+09|1.6916e+10| 0.288340| 0.0584450| 0.0716890| 24|1193
1.2358e+10|7.5508e+09|1.7443e+10| 0.272960| 0.0553280| 0.0678650| 24|1217
1.236e+10 |7.555e+09 |1.7453e+10| 0.238940| 0.0517240| 0.0643470| 21|1216
1.3418e+10|8.1933e+09|1.8928e+10| 0.198490| 0.0440110| 0.0550480| 20|1293
1.367e+10 |8.3392e+09|1.9265e+10| 0.193770| 0.0429640| 0.0537380| 20|1307
1.3759e+10|8.3825e+09|1.9365e+10| 0.191470| 0.0424550| 0.0531010| 20|1315
1.3857e+10|8.4267e+09|1.9467e+10| 0.180610| 0.0410680| 0.0516670| 19|1318
1.406e+10 |8.5363e+09|1.972e+10 | 0.175640| 0.0399370| 0.0502440| 19|1343
1.4079e+10|8.5464e+09|1.9743e+10| 0.175090| 0.0398120| 0.0500870| 19|1346
1.414e+10 |8.6016e+09|1.9871e+10| 0.182180| 0.0403950| 0.0505250| 20|1354
1.4326e+10|8.7145e+09|2.0132e+10| 0.187190| 0.0405220| 0.0504120| 21|1371
1.4849e+10|9.063e+09 |2.0937e+10| 0.188070| 0.0397900| 0.0492520| 22|1387
1.5493e+10|9.5025e+09|2.1952e+10| 0.176600| 0.0373630| 0.0462490| 22|1422
1.551e+10 |9.5175e+09|2.1987e+10| 0.176130| 0.0372650| 0.0461260| 22|1424
1.5799e+10|9.7109e+09|2.2433e+10| 0.172440| 0.0364830| 0.0451580| 22|1431
1.6312e+10|1.0136e+10|2.3416e+10| 0.168830| 0.0349470| 0.0430550| 23|1480
1.6313e+10|1.0137e+10|2.3417e+10| 0.175930| 0.0356600| 0.0437410| 24|1481
1.6481e+10|1.0249e+10|2.3678e+10| 0.180830| 0.0359230| 0.0438810| 25|1489
1.6555e+10|1.0279e+10|2.3747e+10| 0.186100| 0.0362620| 0.0441230| 26|1499
1.6866e+10|1.0507e+10|2.4272e+10| 0.186520| 0.0356730| 0.0432480| 27|1519
1.7278e+10|1.0863e+10|2.5095e+10| 0.185890| 0.0349190| 0.0421870| 28|1541
1.7526e+10|1.0988e+10|2.5383e+10| 0.188920| 0.0348790| 0.0420000| 29|1555
1.8402e+10|1.1507e+10|2.6582e+10| 0.182370| 0.0331100| 0.0397450| 30|1605
1.8812e+10|1.1908e+10|2.7508e+10| 0.179670| 0.0320950| 0.0384130| 31|1640
1.8822e+10|1.1921e+10|2.754e+10 | 0.179700| 0.0321000| 0.0384190| 31|1639
1.8823e+10|1.1924e+10|2.7547e+10| 0.185340| 0.0325930| 0.0388990| 32|1640
1.9359e+10|1.2282e+10|2.8374e+10| 0.185410| 0.0321110| 0.0382200| 33|1656
1.943e+10 |1.2323e+10|2.8468e+10| 0.184090| 0.0318830| 0.0379480| 33|1661
2.0628e+10|1.3097e+10|3.0255e+10| 0.173810| 0.0296610| 0.0352130| 34|1717
2.0676e+10|1.3111e+10|3.0288e+10| 0.178220| 0.0299800| 0.0355030| 35|1721
2.0822e+10|1.3241e+10|3.0589e+10| 0.171480| 0.0292630| 0.0347400| 34|1727
2.0983e+10|1.3307e+10|3.074e+10 | 0.170240| 0.0290530| 0.0344910| 34|1733
2.1551e+10|1.3729e+10|3.1715e+10| 0.167930| 0.0282490| 0.0334540| 35|1764
2.1585e+10|1.3754e+10|3.1774e+10| 0.171640| 0.0284730| 0.0336400| 36|1770
2.1935e+10|1.3952e+10|3.2231e+10| 0.173440| 0.0283850| 0.0334590| 37|1782
2.2002e+10|1.3998e+10|3.2338e+10| 0.176750| 0.0285460| 0.0335750| 38|1790
2.2068e+10|1.4046e+10|3.2448e+10| 0.180570| 0.0287910| 0.0337920| 39|1794
2.2797e+10|1.446e+10 |3.3403e+10| 0.177900| 0.0280110| 0.0328110| 40|1823
2.2915e+10|1.4572e+10|3.3664e+10| 0.177100| 0.0278840| 0.0326630| 40|1822
2.2935e+10|1.4601e+10|3.3731e+10| 0.181440| 0.0282210| 0.0329930| 41|1822
2.3457e+10|1.4915e+10|3.4457e+10| 0.179510| 0.0275880| 0.0321930| 42|1849
2.3493e+10|1.4956e+10|3.455e+10 | 0.179520| 0.0275910| 0.0321960| 42|1844
2.3602e+10|1.5023e+10|3.4705e+10| 0.183910| 0.0279380| 0.0325420| 43|1839
2.3679e+10|1.5073e+10|3.482e+10 | 0.187020| 0.0280870| 0.0326590| 44|1845
2.3748e+10|1.5151e+10|3.5001e+10| 0.190180| 0.0282450| 0.0327870| 45|1846
2.3947e+10|1.5294e+10|3.5332e+10| 0.191550| 0.0281390| 0.0326110| 46|1855
2.4343e+10|1.5622e+10|3.6088e+10| 0.187140| 0.0274930| 0.0318620| 46|1863
2.4748e+10|1.5806e+10|3.6514e+10| 0.184110| 0.0270470| 0.0313450| 46|1873
2.513e+10 |1.5979e+10|3.6914e+10| 0.181060| 0.0265990| 0.0308260| 46|1886
2.5155e+10|1.601e+10 |3.6985e+10| 0.180690| 0.0265450| 0.0307640| 46|1887
2.6042e+10|1.6616e+10|3.8384e+10| 0.177100| 0.0257420| 0.0297850| 47|1898
2.6134e+10|1.6687e+10|3.855e+10 | 0.180120| 0.0259080| 0.0299320| 48|1897
2.6146e+10|1.6694e+10|3.8565e+10| 0.179890| 0.0258750| 0.0298940| 48|1899
2.6231e+10|1.6731e+10|3.8652e+10| 0.182720| 0.0260140| 0.0300110| 49|1902
2.6715e+10|1.6995e+10|3.926e+10 | 0.182780| 0.0257620| 0.0296770| 50|1911
2.6849e+10|1.7039e+10|3.9362e+10| 0.186390| 0.0260150| 0.0299270| 51|1905
2.9699e+10|1.8945e+10|4.3765e+10| 0.165470| 0.0228720| 0.0262760| 52|2004
2.9707e+10|1.8949e+10|4.3774e+10| 0.184330| 0.0241340| 0.0275210| 58|2004
2.9968e+10|1.9084e+10|4.4087e+10| 0.183290| 0.0239980| 0.0273670| 58|2007
3.0434e+10|1.9322e+10|4.4636e+10| 0.182810| 0.0237330| 0.0270340| 59|2025
3.0908e+10|1.9582e+10|4.5236e+10| 0.183900| 0.0236760| 0.0269390| 60|2020
3.1254e+10|1.9743e+10|4.561e+10 | 0.181600| 0.0233790| 0.0266010| 60|2029
3.157e+10 |1.9871e+10|4.5904e+10| 0.175680| 0.0228070| 0.0259790| 59|2042
3.1943e+10|2.0132e+10|4.6507e+10| 0.168550| 0.0220690| 0.0251660| 58|2062
3.2079e+10|2.0198e+10|4.666e+10 | 0.173480| 0.0223340| 0.0254130| 60|2068
3.2247e+10|2.0361e+10|4.7036e+10| 0.172160| 0.0221640| 0.0252190| 60|2073
3.2326e+10|2.042e+10 |4.7172e+10| 0.174500| 0.0222810| 0.0253250| 61|2074
3.2366e+10|2.0444e+10|4.7228e+10| 0.176930| 0.0224100| 0.0254450| 62|2078
3.3491e+10|2.1156e+10|4.8873e+10| 0.170340| 0.0214040| 0.0242790| 63|2128
3.3537e+10|2.1156e+10|4.8873e+10| 0.170270| 0.0213950| 0.0242690| 63|2127
3.3928e+10|2.1425e+10|4.9495e+10| 0.167150| 0.0210030| 0.0238240| 63|2139
3.3954e+10|2.1439e+10|4.9526e+10| 0.169430| 0.0211230| 0.0239370| 64|2140
3.5514e+10|2.2433e+10|5.1824e+10| 0.162320| 0.0200820| 0.0227350| 65|2188
3.5777e+10|2.2549e+10|5.2092e+10| 0.166550| 0.0202970| 0.0229350| 67|2187
3.7072e+10|2.3417e+10|5.4096e+10| 0.161640| 0.0195540| 0.0220760| 68|2209
3.7582e+10|2.3678e+10|5.4698e+10| 0.163940| 0.0195470| 0.0220300| 70|2224
3.7733e+10|2.3747e+10|5.4858e+10| 0.161410| 0.0193850| 0.0218650| 69|2221
3.8545e+10|2.4272e+10|5.6073e+10| 0.155240| 0.0187800| 0.0212020| 68|2232
3.9651e+10|2.5095e+10|5.7973e+10| 0.147490| 0.0179730| 0.0203100| 67|2258
4.0003e+10|2.5383e+10|5.8639e+10| 0.153550| 0.0181800| 0.0204710| 71|2270
4.0049e+10|2.5399e+10|5.8675e+10| 0.151100| 0.0180180| 0.0203060| 70|2271
4.3293e+10|2.7508e+10|6.3548e+10| 0.139200| 0.0165980| 0.0187060| 70|2308
4.3332e+10|2.754e+10 |6.3621e+10| 0.142650| 0.0167730| 0.0188710| 72|2313
4.3339e+10|2.7547e+10|6.3636e+10| 0.140700| 0.0166590| 0.0187590| 71|2312
4.3387e+10|2.7608e+10|6.3778e+10| 0.138440| 0.0165080| 0.0186040| 70|2313
4.4397e+10|2.8468e+10|6.5766e+10| 0.134580| 0.0160470| 0.0180850| 70|2320
4.4421e+10|2.8506e+10|6.5852e+10| 0.134090| 0.0159880| 0.0180190| 70|2321
4.4471e+10|2.8532e+10|6.5912e+10| 0.133740| 0.0159470| 0.0179720| 70|2323
4.4529e+10|2.8583e+10|6.6031e+10| 0.135080| 0.0159930| 0.0180090| 71|2326
4.4914e+10|2.8797e+10|6.6525e+10| 0.135710| 0.0159570| 0.0179530| 72|2333
4.5212e+10|2.8982e+10|6.6952e+10| 0.136310| 0.0159170| 0.0178940| 73|2343
4.5214e+10|2.899e+10 |6.697e+10 | 0.138080| 0.0160150| 0.0179900| 74|2344
4.6082e+10|2.9701e+10|6.8613e+10| 0.136990| 0.0157840| 0.0177160| 75|2337
4.6159e+10|2.9782e+10|6.8801e+10| 0.134700| 0.0156230| 0.0175500| 74|2340
4.6161e+10|2.9788e+10|6.8815e+10| 0.134610| 0.0156130| 0.0175380| 74|2341
4.736e+10 |3.074e+10 |7.1013e+10| 0.132380| 0.0152520| 0.0171190| 75|2358
4.7416e+10|3.0799e+10|7.1149e+10| 0.132470| 0.0152620| 0.0171310| 75|2356
4.8537e+10|3.1774e+10|7.3402e+10| 0.128470| 0.0148010| 0.0166130| 75|2365
4.9281e+10|3.2231e+10|7.4457e+10| 0.128010| 0.0146520| 0.0164330| 76|2371
4.9382e+10|3.2338e+10|7.4704e+10| 0.128070| 0.0146580| 0.0164400| 76|2363
4.9508e+10|3.2448e+10|7.4958e+10| 0.126120| 0.0145310| 0.0163100| 75|2363
5.0088e+10|3.2787e+10|7.5742e+10| 0.123100| 0.0142780| 0.0160390| 74|2369
5.0192e+10|3.2966e+10|7.6156e+10| 0.122620| 0.0142220| 0.0159760| 74|2371
5.0315e+10|3.3035e+10|7.6315e+10| 0.124040| 0.0142910| 0.0160410| 75|2369
5.1236e+10|3.3664e+10|7.7769e+10| 0.122620| 0.0140350| 0.0157410| 76|2387
5.1314e+10|3.3731e+10|7.7923e+10| 0.123750| 0.0140720| 0.0157710| 77|2392
5.1387e+10|3.3862e+10|7.8225e+10| 0.122380| 0.0140070| 0.0157100| 76|2382
5.241e+10 |3.455e+10 |7.9815e+10| 0.119870| 0.0137200| 0.0153870| 76|2386
5.2645e+10|3.4705e+10|8.0173e+10| 0.120470| 0.0136990| 0.0153530| 77|2396
5.2838e+10|3.482e+10 |8.0439e+10| 0.120410| 0.0136920| 0.0153450| 77|2391
5.316e+10 |3.5001e+10|8.0856e+10| 0.117600| 0.0134600| 0.0150960| 76|2403
5.3286e+10|3.5103e+10|8.1092e+10| 0.117620| 0.0134630| 0.0151000| 76|2400
5.361e+10 |3.535e+10 |8.1663e+10| 0.117000| 0.0133920| 0.0150200| 76|2399
5.3885e+10|3.5528e+10|8.2073e+10| 0.116740| 0.0133620| 0.0149860| 76|2396
5.5053e+10|3.65e+10  |8.432e+10 | 0.115170| 0.0130970| 0.0146780| 77|2414
5.5612e+10|3.6914e+10|8.5277e+10| 0.114230| 0.0129900| 0.0145580| 77|2408
5.5674e+10|3.6985e+10|8.544e+10 | 0.112810| 0.0129120| 0.0144820| 76|2404
5.5873e+10|3.7056e+10|8.5605e+10| 0.111150| 0.0128060| 0.0143740| 75|2404
5.592e+10 |3.7158e+10|8.5841e+10| 0.110880| 0.0127750| 0.0143390| 75|2407
5.6128e+10|3.7291e+10|8.6148e+10| 0.112100| 0.0128310| 0.0143910| 76|2407
5.6259e+10|3.7327e+10|8.6231e+10| 0.113190| 0.0128710| 0.0144250| 77|2412
5.7917e+10|3.855e+10 |8.9056e+10| 0.111660| 0.0126160| 0.0141290| 78|2414
5.7942e+10|3.8565e+10|8.909e+10 | 0.111740| 0.0126260| 0.0141400| 78|2412
5.8125e+10|3.8652e+10|8.929e+10 | 0.109880| 0.0124950| 0.0140030| 77|2414
5.828e+10 |3.8864e+10|8.978e+10 | 0.108190| 0.0123830| 0.0138890| 76|2410
5.8909e+10|3.9362e+10|9.0931e+10| 0.107470| 0.0123010| 0.0137960| 76|2404
5.9056e+10|3.9507e+10|9.1267e+10| 0.106940| 0.0122400| 0.0137280| 76|2407
5.9397e+10|3.9695e+10|9.1701e+10| 0.106510| 0.0121910| 0.0136730| 76|2403
6.188e+10 |4.1466e+10|9.5791e+10| 0.104040| 0.0118310| 0.0132590| 77|2406
6.2202e+10|4.172e+10 |9.6379e+10| 0.106210| 0.0119250| 0.0133450| 79|2406
6.3537e+10|4.2524e+10|9.8236e+10| 0.104390| 0.0117200| 0.0131160| 79|2411
6.3615e+10|4.2664e+10|9.856e+10 | 0.105670| 0.0117890| 0.0131840| 80|2407
6.398e+10 |4.2943e+10|9.9205e+10| 0.103910| 0.0116660| 0.0130560| 79|2401
6.4052e+10|4.3011e+10|9.936e+10 | 0.103940| 0.0116700| 0.0130600| 79|2398
6.4322e+10|4.3161e+10|9.9707e+10| 0.105010| 0.0117160| 0.0131030| 80|2396
6.453e+10 |4.3257e+10|9.9928e+10| 0.106220| 0.0117780| 0.0131620| 81|2394
6.5108e+10|4.3623e+10|1.0078e+11| 0.107110| 0.0118040| 0.0131830| 82|2385
6.5337e+10|4.3774e+10|1.0112e+11| 0.105870| 0.0117390| 0.0131190| 81|2377
6.5912e+10|4.4087e+10|1.0185e+11| 0.103360| 0.0115320| 0.0128960| 80|2387
6.6288e+10|4.4389e+10|1.0254e+11| 0.102730| 0.0114620| 0.0128180| 80|2385
6.6731e+10|4.4715e+10|1.033e+11 | 0.102660| 0.0114540| 0.0128090| 80|2373
6.8436e+10|4.6008e+10|1.0629e+11| 0.102080| 0.0113890| 0.0127370| 80|2337
6.8458e+10|4.6025e+10|1.0632e+11| 0.100910| 0.0113300| 0.0126790| 79|2334
6.8661e+10|4.6156e+10|1.0663e+11| 0.099394| 0.0112300| 0.0125770| 78|2332
6.8858e+10|4.6233e+10|1.068e+11 | 0.099244| 0.0112130| 0.0125580| 78|2330
7.0065e+10|4.7036e+10|1.0866e+11| 0.097703| 0.0110390| 0.0123630| 78|2330
7.0266e+10|4.7172e+10|1.0897e+11| 0.096179| 0.0109370| 0.0122570| 77|2329
7.0307e+10|4.7228e+10|1.091e+11 | 0.094962| 0.0108690| 0.0121900| 76|2325
7.1738e+10|4.7979e+10|1.1084e+11| 0.094265| 0.0107890| 0.0121010| 76|2308
7.3056e+10|4.8873e+10|1.129e+11 | 0.091395| 0.0105300| 0.0118190| 75|2310
7.4069e+10|4.9495e+10|1.1434e+11| 0.093697| 0.0106550| 0.0119410| 77|2296
7.4086e+10|4.9526e+10|1.1441e+11| 0.092449| 0.0105810| 0.0118680| 76|2296
7.4374e+10|4.9835e+10|1.1512e+11| 0.093498| 0.0106320| 0.0119160| 77|2292
7.6066e+10|5.0942e+10|1.1768e+11| 0.091778| 0.0104370| 0.0116970| 77|2284
7.7302e+10|5.1794e+10|1.1965e+11| 0.089690| 0.0102660| 0.0115140| 76|2273
7.7664e+10|5.2092e+10|1.2034e+11| 0.089009| 0.0101880| 0.0114260| 76|2276
7.7824e+10|5.2231e+10|1.2066e+11| 0.088549| 0.0101350| 0.0113670| 76|2280
7.8398e+10|5.2484e+10|1.2124e+11| 0.086980| 0.0100210| 0.0112480| 75|2280
7.9348e+10|5.3114e+10|1.227e+11 | 0.085400| 0.0098393| 0.0110440| 75|2291
7.9432e+10|5.3151e+10|1.2278e+11| 0.085282| 0.0098258| 0.0110290| 75|2292
7.9998e+10|5.3455e+10|1.2349e+11| 0.085617| 0.0097995| 0.0109910| 76|2299
8.1336e+10|5.4198e+10|1.252e+11 | 0.085428| 0.0097144| 0.0108870| 77|2304
8.1401e+10|5.4271e+10|1.2537e+11| 0.085337| 0.0097041| 0.0108760| 77|2304
8.5374e+10|5.7103e+10|1.3192e+11| 0.083993| 0.0094901| 0.0106280| 78|2271
8.5478e+10|5.7139e+10|1.32e+11  | 0.090275| 0.0098303| 0.0109640| 84|2273
8.639e+10 |5.7768e+10|1.3345e+11| 0.089510| 0.0097470| 0.0108710| 84|2269
8.776e+10 |5.8675e+10|1.3555e+11| 0.087155| 0.0096052| 0.0107270| 82|2245
8.9215e+10|5.9789e+10|1.3812e+11| 0.085651| 0.0094973| 0.0106140| 81|2227
8.9219e+10|5.9794e+10|1.3813e+11| 0.085578| 0.0094892| 0.0106050| 81|2228
8.9251e+10|5.9976e+10|1.3855e+11| 0.086247| 0.0095052| 0.0106150| 82|2233
9.0479e+10|6.0753e+10|1.4035e+11| 0.086555| 0.0094816| 0.0105820| 83|2228
9.0515e+10|6.078e+10 |1.4041e+11| 0.087522| 0.0095306| 0.0106300| 84|2228
9.066e+10 |6.084e+10 |1.4055e+11| 0.088495| 0.0095800| 0.0106780| 85|2226
9.1218e+10|6.1143e+10|1.4125e+11| 0.089347| 0.0096160| 0.0107110| 86|2219
9.3148e+10|6.2368e+10|1.4408e+11| 0.089532| 0.0095805| 0.0106650| 87|2203
9.3715e+10|6.2805e+10|1.4509e+11| 0.088449| 0.0095193| 0.0106030| 86|2190
9.4605e+10|6.3778e+10|1.4733e+11| 0.087580| 0.0094808| 0.0105670| 85|2167
9.5617e+10|6.4682e+10|1.4942e+11| 0.088273| 0.0095004| 0.0105820| 86|2158
9.6851e+10|6.5852e+10|1.5213e+11| 0.087281| 0.0094485| 0.0105310| 85|2135
9.6982e+10|6.5912e+10|1.5227e+11| 0.086365| 0.0094046| 0.0104890| 84|2132
9.7248e+10|6.6031e+10|1.5254e+11| 0.085581| 0.0093750| 0.0104630| 83|2126
9.7817e+10|6.6525e+10|1.5368e+11| 0.084146| 0.0092736| 0.0103570| 82|2120
9.8245e+10|6.6952e+10|1.5467e+11| 0.086196| 0.0093861| 0.0104680| 84|2108
9.8262e+10|6.697e+10 |1.5471e+11| 0.085195| 0.0093326| 0.0104160| 83|2107
9.8856e+10|6.7328e+10|1.5554e+11| 0.083971| 0.0092543| 0.0103350| 82|2102
1.0119e+11|6.8815e+10|1.5897e+11| 0.083684| 0.0092227| 0.0103000| 82|2073
1.0163e+11|6.9463e+10|1.6047e+11| 0.082247| 0.0091199| 0.0101920| 81|2066
1.0386e+11|7.1149e+10|1.6436e+11| 0.082320| 0.0091279| 0.0102010| 81|2028
1.045e+11 |7.1588e+10|1.6538e+11| 0.083040| 0.0091517| 0.0102200| 82|2027
1.0661e+11|7.3031e+10|1.6871e+11| 0.082178| 0.0091121| 0.0101830| 81|1994
1.0704e+11|7.3594e+10|1.7001e+11| 0.083277| 0.0091778| 0.0102500| 82|1984
1.0816e+11|7.4572e+10|1.7227e+11| 0.083624| 0.0092161| 0.0102920| 82|1959
1.1004e+11|7.6156e+10|1.7593e+11| 0.082739| 0.0091185| 0.0101830| 82|1946
1.1016e+11|7.6315e+10|1.763e+11 | 0.082715| 0.0091159| 0.0101800| 82|1945
1.1174e+11|7.7293e+10|1.7856e+11| 0.081441| 0.0090305| 0.0100920| 81|1928
1.1214e+11|7.7754e+10|1.7962e+11| 0.083872| 0.0091877| 0.0102540| 83|1909
1.1238e+11|7.8225e+10|1.8071e+11| 0.082592| 0.0091024| 0.0101650| 82|1906
1.1277e+11|7.8552e+10|1.8147e+11| 0.082364| 0.0090772| 0.0101370| 82|1903
1.1434e+11|7.9571e+10|1.8382e+11| 0.081579| 0.0090457| 0.0101090| 81|1881
1.1485e+11|7.9988e+10|1.8478e+11| 0.081571| 0.0090449| 0.0101080| 81|1874
1.1535e+11|8.0492e+10|1.8595e+11| 0.080474| 0.0089786| 0.0100410| 80|1868
1.1658e+11|8.1092e+10|1.8733e+11| 0.079435| 0.0089184| 0.0099806| 79|1856
1.1714e+11|8.1663e+10|1.8865e+11| 0.078258| 0.0088421| 0.0099024| 78|1850
1.1724e+11|8.1716e+10|1.8878e+11| 0.078126| 0.0088272| 0.0098856| 78|1851
1.1814e+11|8.2625e+10|1.9087e+11| 0.077889| 0.0088004| 0.0098557| 78|1835
1.2039e+11|8.4359e+10|1.9488e+11| 0.077476| 0.0087538| 0.0098035| 78|1810
1.2142e+11|8.5841e+10|1.983e+11 | 0.077742| 0.0087838| 0.0098371| 78|1790
1.2164e+11|8.6148e+10|1.9901e+11| 0.078835| 0.0088510| 0.0099052| 79|1785
1.2184e+11|8.6231e+10|1.992e+11 | 0.077865| 0.0087978| 0.0098527| 78|1780
1.2187e+11|8.6232e+10|1.9921e+11| 0.076825| 0.0087361| 0.0097909| 77|1780
1.2234e+11|8.7017e+10|2.0102e+11| 0.076530| 0.0087026| 0.0097533| 77|1771
1.2427e+11|8.978e+10 |2.074e+11 | 0.077644| 0.0087728| 0.0098247| 78|1726
1.2451e+11|9.0025e+10|2.0797e+11| 0.076706| 0.0087226| 0.0097757| 77|1720
1.2563e+11|9.1267e+10|2.1084e+11| 0.075276| 0.0086159| 0.0096633| 76|1709
1.2579e+11|9.1359e+10|2.1105e+11| 0.078260| 0.0087864| 0.0098329| 79|1707
1.2626e+11|9.1592e+10|2.1159e+11| 0.078205| 0.0087803| 0.0098261| 79|1701
1.2684e+11|9.2511e+10|2.1371e+11| 0.079171| 0.0088332| 0.0098783| 80|1693
1.2897e+11|9.4071e+10|2.1732e+11| 0.079153| 0.0088313| 0.0098762| 80|1667
1.3053e+11|9.5528e+10|2.2068e+11| 0.078857| 0.0088534| 0.0099079| 79|1635
1.3138e+11|9.6379e+10|2.2265e+11| 0.077848| 0.0087958| 0.0098506| 78|1622
1.3321e+11|9.7922e+10|2.2621e+11| 0.076239| 0.0086696| 0.0097163| 77|1605
1.3367e+11|9.8042e+10|2.2649e+11| 0.075252| 0.0086132| 0.0096603| 76|1602
1.35e+11  |9.9205e+10|2.2918e+11| 0.073955| 0.0085206| 0.0095638| 75|1591
1.3502e+11|9.936e+10 |2.2953e+11| 0.074025| 0.0085288| 0.0095729| 75|1589
1.3608e+11|9.9707e+10|2.3034e+11| 0.073166| 0.0084863| 0.0095327| 74|1584
1.3622e+11|9.9928e+10|2.3085e+11| 0.072036| 0.0084120| 0.0094567| 73|1584
1.3777e+11|1.0143e+11|2.3431e+11| 0.072008| 0.0084667| 0.0095259| 72|1549
1.3951e+11|1.0254e+11|2.3689e+11| 0.071500| 0.0084656| 0.0095326| 71|1525
1.4009e+11|1.033e+11 |2.3863e+11| 0.070137| 0.0083631| 0.0094251| 70|1525
1.4294e+11|1.0661e+11|2.4628e+11| 0.069060| 0.0082938| 0.0093551| 69|1491
1.4317e+11|1.068e+11 |2.4673e+11| 0.069216| 0.0083125| 0.0093762| 69|1485
1.4746e+11|1.0908e+11|2.5199e+11| 0.068165| 0.0082460| 0.0093094| 68|1456
1.4828e+11|1.0922e+11|2.523e+11 | 0.069276| 0.0083197| 0.0093843| 69|1452
1.5268e+11|1.1249e+11|2.5986e+11| 0.070623| 0.0084815| 0.0095669| 69|1391
1.5294e+11|1.1277e+11|2.6051e+11| 0.070652| 0.0084850| 0.0095708| 69|1387
1.5407e+11|1.1438e+11|2.6423e+11| 0.069979| 0.0084655| 0.0095572| 68|1365
1.5421e+11|1.1438e+11|2.6424e+11| 0.070012| 0.0084694| 0.0095616| 68|1364
1.5538e+11|1.1512e+11|2.6595e+11| 0.069016| 0.0084107| 0.0095039| 67|1359
1.6123e+11|1.1852e+11|2.738e+11 | 0.068631| 0.0084266| 0.0095307| 66|1305
1.6389e+11|1.2022e+11|2.7772e+11| 0.067834| 0.0083922| 0.0095007| 65|1287
1.6486e+11|1.2066e+11|2.7874e+11| 0.066979| 0.0083507| 0.0094628| 64|1277
1.6594e+11|1.2124e+11|2.8009e+11| 0.066294| 0.0083302| 0.0094489| 63|1265
1.6907e+11|1.227e+11 |2.8345e+11| 0.065923| 0.0083497| 0.0094807| 62|1236
1.6931e+11|1.2278e+11|2.8365e+11| 0.066049| 0.0083657| 0.0094988| 62|1233
1.7142e+11|1.2349e+11|2.8527e+11| 0.065526| 0.0083668| 0.0095100| 61|1213
1.722e+11 |1.2379e+11|2.8598e+11| 0.064420| 0.0082936| 0.0094367| 60|1210
1.744e+11 |1.2537e+11|2.8963e+11| 0.066489| 0.0084898| 0.0096497| 61|1176
1.7732e+11|1.2774e+11|2.9508e+11| 0.066503| 0.0085617| 0.0097418| 60|1140
1.7735e+11|1.2774e+11|2.9509e+11| 0.065491| 0.0085021| 0.0096846| 59|1138
1.7889e+11|1.2902e+11|2.9806e+11| 0.065056| 0.0085178| 0.0097133| 58|1118
1.7982e+11|1.2949e+11|2.9914e+11| 0.063861| 0.0084339| 0.0096287| 57|1115
1.8168e+11|1.3083e+11|3.0224e+11| 0.062930| 0.0083843| 0.0095834| 56|1099
1.8291e+11|1.3151e+11|3.0381e+11| 0.062272| 0.0083712| 0.0095800| 55|1089
1.8328e+11|1.32e+11  |3.0493e+11| 0.060187| 0.0082413| 0.0094551| 53|1083
1.8879e+11|1.3812e+11|3.1907e+11| 0.061726| 0.0085325| 0.0098020| 52|1008
1.888e+11 |1.3813e+11|3.191e+11 | 0.061757| 0.0085367| 0.0098069| 52|1007
1.8957e+11|1.3855e+11|3.2007e+11| 0.060522| 0.0084471| 0.0097171| 51|1004
1.9158e+11|1.4035e+11|3.2422e+11| 0.060931| 0.0085042| 0.0097828| 51| 984
1.9173e+11|1.4041e+11|3.2437e+11| 0.061064| 0.0085227| 0.0098041| 51| 982
1.92e+11  |1.4055e+11|3.2468e+11| 0.060023| 0.0084601| 0.0097457| 50| 979
1.9345e+11|1.4125e+11|3.263e+11 | 0.058941| 0.0083915| 0.0096806| 49| 972
1.9932e+11|1.4629e+11|3.3796e+11| 0.058936| 0.0084772| 0.0097939| 48| 925
1.9963e+11|1.4671e+11|3.3892e+11| 0.058999| 0.0084861| 0.0098042| 48| 922
2.067e+11 |1.5302e+11|3.5349e+11| 0.058153| 0.0084524| 0.0097802| 47| 885
2.069e+11 |1.5302e+11|3.535e+11 | 0.056995| 0.0083729| 0.0097036| 46| 884
2.0714e+11|1.5313e+11|3.5375e+11| 0.055867| 0.0082973| 0.0096316| 45| 882
2.0985e+11|1.5554e+11|3.5931e+11| 0.055094| 0.0082742| 0.0096210| 44| 863
2.1283e+11|1.5913e+11|3.6761e+11| 0.057008| 0.0084666| 0.0098282| 45| 837
2.168e+11 |1.6356e+11|3.7784e+11| 0.056776| 0.0085268| 0.0099147| 44| 812
2.171e+11 |1.6388e+11|3.7859e+11| 0.055591| 0.0084445| 0.0098362| 43| 810
2.2191e+11|1.6725e+11|3.8637e+11| 0.055216| 0.0084861| 0.0099025| 42| 784
2.226e+11 |1.6793e+11|3.8795e+11| 0.053965| 0.0083936| 0.0098129| 41| 780
2.2363e+11|1.7001e+11|3.9275e+11| 0.052900| 0.0083292| 0.0097566| 40| 769
2.2467e+11|1.7227e+11|3.9797e+11| 0.052090| 0.0083054| 0.0097483| 39| 757
2.2641e+11|1.7346e+11|4.0072e+11| 0.051451| 0.0083097| 0.0097738| 38| 743
2.287e+11 |1.7698e+11|4.0885e+11| 0.051127| 0.0083672| 0.0098629| 37| 718
2.3051e+11|1.7756e+11|4.102e+11 | 0.049851| 0.0082698| 0.0097703| 36| 712
2.3222e+11|1.7828e+11|4.1184e+11| 0.051687| 0.0084589| 0.0099710| 37| 703
2.3578e+11|1.7986e+11|4.1549e+11| 0.050750| 0.0084191| 0.0099466| 36| 694
2.3673e+11|1.8009e+11|4.1603e+11| 0.049404| 0.0083108| 0.0098420| 35| 692
2.3676e+11|1.8018e+11|4.1624e+11| 0.049239| 0.0082831| 0.0098092| 35| 693
2.4341e+11|1.8818e+11|4.3471e+11| 0.053655| 0.0089010| 0.0105160| 36| 631
2.4486e+11|1.8878e+11|4.3609e+11| 0.052206| 0.0087822| 0.0104000| 35| 628
2.4699e+11|1.9087e+11|4.4094e+11| 0.051850| 0.0088485| 0.0105050| 34| 609
2.5071e+11|1.9488e+11|4.502e+11 | 0.051189| 0.0088656| 0.0105520| 33| 588
2.5436e+11|1.9802e+11|4.5746e+11| 0.049950| 0.0087838| 0.0104830| 32| 573
2.553e+11 |1.9921e+11|4.602e+11 | 0.048732| 0.0087053| 0.0104190| 31| 566
2.5879e+11|2.0102e+11|4.6439e+11| 0.046161| 0.0085224| 0.0102620| 29| 554
2.6825e+11|2.0814e+11|4.8084e+11| 0.046383| 0.0087131| 0.0105270| 28| 522
2.6963e+11|2.0917e+11|4.8321e+11| 0.044640| 0.0085376| 0.0103510| 27| 520
2.7032e+11|2.1037e+11|4.8598e+11| 0.043484| 0.0084730| 0.0103100| 26| 513
2.711e+11 |2.1059e+11|4.8649e+11| 0.041905| 0.0083247| 0.0101690| 25| 510
2.713e+11 |2.1105e+11|4.8755e+11| 0.040443| 0.0081977| 0.0100550| 24| 506
2.7197e+11|2.1159e+11|4.888e+11 | 0.038755| 0.0080221| 0.0098832| 23| 505
2.7363e+11|2.1371e+11|4.937e+11 | 0.037604| 0.0079559| 0.0098479| 22| 495
2.86e+11  |2.2687e+11|5.2409e+11| 0.039822| 0.0086202| 0.0107240| 21| 428
2.9744e+11|2.3387e+11|5.4027e+11| 0.040949| 0.0088642| 0.0110270| 21| 407
3.2307e+11|2.5098e+11|5.798e+11 | 0.046091| 0.0099774| 0.0124120| 21| 337
3.2497e+11|2.5173e+11|5.8152e+11| 0.046248| 0.0100110| 0.0124550| 21| 335
3.2501e+11|2.523e+11 |5.8286e+11| 0.044183| 0.0097966| 0.0122530| 20| 334
3.256e+11 |2.532e+11 |5.8492e+11| 0.042259| 0.0096090| 0.0120890| 19| 333
3.3227e+11|2.6129e+11|6.0362e+11| 0.041765| 0.0097521| 0.0123470| 18| 313
3.3749e+11|2.6604e+11|6.1458e+11| 0.039989| 0.0096027| 0.0122410| 17| 304
3.6123e+11|2.8598e+11|6.6065e+11| 0.048128| 0.0115570| 0.0147320| 17| 240
3.853e+11 |3.1423e+11|7.2591e+11| 0.053181| 0.0131550| 0.0168950| 16| 195
3.9065e+11|3.1963e+11|7.3839e+11| 0.048083| 0.0126960| 0.0165900| 14| 187
3.9677e+11|3.2411e+11|7.4874e+11| 0.045749| 0.0125240| 0.0165320| 13| 180
4.1558e+11|3.3714e+11|7.7883e+11| 0.046202| 0.0131500| 0.0175560| 12| 159
4.4694e+11|3.5518e+11|8.2052e+11| 0.047582| 0.0141260| 0.0191050| 11| 133
4.4779e+11|3.5777e+11|8.2649e+11| 0.048646| 0.0144420| 0.0195320| 11| 130
4.8713e+11|4.0889e+11|9.4458e+11| 0.056930| 0.0176980| 0.0242920| 10|  90
4.878e+11 |4.0934e+11|9.4563e+11| 0.051711| 0.0169120| 0.0236160|  9|  89
4.8869e+11|4.1603e+11|9.6109e+11| 0.048222| 0.0166870| 0.0237810|  8|  85
4.9118e+11|4.1624e+11|9.6156e+11| 0.042472| 0.0156630| 0.0228760|  7|  84
5.8244e+11|5.1314e+11|1.1854e+12| 0.068427| 0.0271420| 0.0408700|  6|  38
6.1196e+11|5.4027e+11|1.2481e+12| 0.067207| 0.0290300| 0.0454660|  5|  30
6.2043e+11|5.7422e+11|1.3265e+12| 0.060474| 0.0289420| 0.0478170|  4|  24
7.8364e+11|6.1458e+11|1.4197e+12| 0.063616| 0.0346230| 0.0618830|  3|  15
8.6545e+11|7.8364e+11|1.8103e+12| 0.055964| 0.0361480| 0.0738140|  2|   9
-------------------------------------------------------------------------
