2003cg NGC 3169     2003 03 21  14.0 E   5.0 N  14.4 8097 10 14 15.97 +03 28 01.9 8097 Ia      1238 Japaness    0.07  NGC3169   NGC_3169               10.23745   3.46643 238.201  45.647  16.941 LEDA  3 NED    4.335   2.649  56.901 LEDA  50.500   0.031   0.207 11.253  0.086 10.897  7.283 0.021 NGC 3169                  
2002bo NGC 3190     2002 03 09  11.6 E  14.2 S  15.5 7847 10 18 06.51 +21 49 41.7 7847 Ia      1271 Cacella     0.10  NGC3190   NGC_3190               10.30147  21.83280 213.034  54.844  19.125 LEDA  3 NED    3.639   1.219  77.083 LEDA 122.670   0.025   0.351 11.876  0.226 11.397 99.999 0.000 NGC 3190                  
2006X  NGC 4321     2006 02 07  12.0 W  48.0 S  17.0 8667 12 22 53.99 +15 48 33.1 8667 Ia      1571 Suzuki      0.10  NGC4321   MESSIER_100            12.38182  15.82126 271.133  76.897  23.001 LEDA  5 NED    6.095   5.623  26.190 LEDA -99.999   0.026   0.058 10.022  0.154  9.840 99.999 0.000 MESSIER 100               
2004ab NGC 5054     2004 02 21   2.0 W  11.0 N  14.7 8293 13 16 58.18 -16 37 52.7 8293 Ia      1741 Monard      0.18  NGC5054   NGC_5054               13.28306 -16.63568 311.725  45.799  23.378 LEDA  5 NED    5.035   2.897  59.586 LEDA 171.110   0.082   0.389 11.632  0.130 10.875 99.999 0.000 NGC 5054                  
2003du UGC 9391     2003 04 22   8.8 W  13.5 S  14.0 8121 14 34 35.80 +59 20 03.8 8121 Ia      1914 LOTOSS(s)   0.01  UGC09391  UGC_09391              14.57696  59.33802 101.180  53.214  30.089 LEDA  7 NED    0.955   0.764  40.778 LEDA  38.000   0.010   0.177 14.878  0.080 14.652 99.999 0.000 UGC 09391                 
2005cf MCG -1-39-3  2005 05 28  15.7 W 123.0 N  15.5 8534 15 21 32.21 -07 24 47.5 8534 Ia      1937 LOSS        0.03  F16184    MCG_-01-39-003         15.35927  -7.44767 354.814  39.847  27.079 LEDA  2 NED    1.799   0.473  82.959 LEDA   3.120   0.098   0.000 14.747  0.512 14.293 11.293 0.073 MCG -01-39-003            
1998dm MCG -01-4-44 1998 08 22  13.8 W  37.0 S  16.8 6993 01 26 13.97 -06 06 14.0 6993 Ia      1968 LOSS        0.12  0123_06   UGCA_017                1.43734  -6.09417 145.970 -67.396  25.779 LEDA  6 NED    2.825   0.315  90.000 LEDA   5.210   0.045   1.554 13.890  0.683 12.128 10.442 0.055 UGCA 017                  
2002fk NGC 1309     2002 09 15  12.0 W   3.5 S  13.2 7973 03 22 05.71 -15 24 03.2 7973 Ia      2136 Kushida     0.01  NGC1309   NGC_1309                3.36849 -15.40006 202.202 -53.157  27.215 LEDA  5 NED    2.333   2.193  23.425 LEDA -99.999   0.040   0.044 11.964  0.106 11.730  9.102 0.029 NGC 1309                  
2003kf MCG -2-16-2  2003 11 27   9.2 E  14.3 S  14.8 8245 06 04 35.42 -12 37 42.8 8245 Ia      2215 LOSS        0.05  F06029    MCG_-02-16-002          6.07639 -12.62484 219.155 -16.020  28.564 LEDA  4 NED    2.466   0.489  90.000 LEDA 108.000   0.312   0.914 14.860  0.500 12.576 10.935 0.054 MCG -02-16-002            
1999cl NGC 4501     1999 05 29  46.0 W  23.0 N  16.4 7185 12 31 56.01 +14 25 35.3 7191 Ia      2281 LOSS        0.02  NGC4501   MESSIER_088            12.53311  14.42039 282.329  76.508  32.625 LEDA  4 NED    8.650   4.375  64.694 LEDA 138.750   0.038   0.445 10.190  0.129  9.563  6.267 0.017 MESSIER 088               
2006dy NGC 5587     2006 07 25  10.0 E   9.0 N  16.5 8734 14 22 11.45 +13 55 14.2 8734 Ia      2303 Itagaki     0.01  NGC5587   NGC_5587               14.36965  13.91795   5.503  65.054  33.348 LEDA  2 NED    2.339   0.647  81.747 LEDA 161.710   0.023   0.173 13.585  0.320 13.277  9.684 0.029 NGC 5587                  
2005am NGC 2811     2005 02 22  17.6 E  31.0 N  14.1 8490 09 16 12.47 -16 18 16.0 8490 Ia      2368 Martin      0.04  F07831    NGC_2811                9.26975 -16.31269 246.208  22.101  30.732 LEDA  3 NED    3.055   1.033  76.848 LEDA  20.000   0.053   0.385 12.242  0.108 11.596  7.976 0.015 NGC 2811                  
2002er UGC 10743    2002 08 23  12.3 W   4.7 N  16.8 7959 17 11 29.88 +07 59 44.8 7959 Ia      2569 LOTOSS      0.01  F17663    UGC_10743              17.19187   7.99449  28.668  25.825  36.919 LEDA  3 NED    1.368   0.628  68.047 LEDA 111.000   0.161   0.302 14.434  0.324 13.405 10.375 0.037 UGC 10743                 
2005W  NGC 691      2005 02 01  56.0 E   1.0 S  14.3 8475 01 50 45.77 +21 45 35.4 8475 Ia      2665 Hirose      0.02  NGC0691   NGC_0691                1.84492  21.75989 140.738 -39.054  37.205 LEDA  5 NED    2.698   1.862  50.604 LEDA  91.600   0.072   0.261 12.276  0.202 11.687  8.822 0.038 NGC 0691                  
2004bd NGC 3786     2004 04 07   4.7 W   1.2 S  14.3 8316 11 39 42.18 +31 54 31.8 8316 Ia      2678 Armstrong   0.02  NGC3786   NGC_3786               11.66180  31.90936 191.585  73.703  39.178 LEDA  3 NED    1.982   1.016  64.184 LEDA  70.320   0.024   0.257 13.421  0.172 13.027  9.338 0.025 NGC 3786                  
1998dh NGC 7541     1998 07 20  53.5 W  10.4 N  16.8 6978 23 14 40.31 +04 32 14.1 6978 Ia      2678 LOSS        0.03  NGC7541   NGC_7541               23.24551   4.53389  82.844 -50.655  37.000 LEDA  5 NED    3.020   1.000  77.374 LEDA 101.500   0.067   0.787 12.483  0.087 11.386  8.351 0.007 NGC 7541                  
2002dj NGC 5018     2002 06 12   8.9 W   2.8 S  16.4 7918 13 13 00.34 -19 31 08.7 7918 Ia      2794 LOTOSS      0.02  NGC5018   NGC_5018               13.21695 -19.51856 309.898  43.061  37.805 LEDA  1 NED    3.491   2.173  56.027 LEDA  99.860   0.095   0.000 11.675  0.193 11.220  7.734 0.014 NGC 5018                  
1999cp NGC 5468     1999 06 18  52.0 W  23.0 N  18.2 7205 14 06 31.3  -05 26 49   7205 Ia      2845 LOSS        0.71  NGC5468   NGC_5468               14.10972  -5.45294 334.868  52.696  39.397 LEDA  7 NED    2.275   2.128  24.153 LEDA -99.999   0.025   0.051 12.938  0.208 12.767 10.396 0.059 NGC 5468                  
2002cr NGC 5468     2002 05 02  41.0 E  50.0 N  15.9 7891 14 06 37.59 -05 26 21.9 7890 Ia      2845 LOTOSS      0.04  NGC5468   NGC_5468               14.10972  -5.45294 334.868  52.696  39.397 LEDA  7 NED    2.275   2.128  24.153 LEDA -99.999   0.025   0.051 12.938  0.208 12.767 10.396 0.059 NGC 5468                  
2005bc NGC 5698     2005 04 02   4.6 E   7.5 N  16.1 8504 14 37 15.05 +38 27 23.1 8504 Ia      3679 LOSS        0.01  NGC5698   NGC_5698               14.62075  38.45423  66.760  65.171  53.516 LEDA  4 NED    1.758   0.759  70.029 LEDA  58.220   0.010   0.522 13.803  0.307 13.208 10.287 0.049 NGC 5698                  
2001ep NGC 1699     2001 10 03  10.2 E  15.8 S  17.1 7727 04 57 00.26 -04 45 40.2 7727 Ia      3901 LOTOSS      0.05  F04912    NGC_1699                4.94986  -4.75750 203.598 -27.551  51.968 NED   4 NED    1.033   0.736  48.707 LEDA 174.000   0.047   0.217 99.999 99.999 99.999 10.629 0.050 NGC 1699                  
2006lf UGC 3108     2006 10 26  13.0 E  12.1 S  17.6 8770 04 38 29.49 +44 02 01.5 8770 Ia      3959 LOSS        0.01  UGC03108  UGC_03108               4.64120  44.03711 159.916  -1.934  56.068 LEDA  4 LEDA   1.084   0.780  48.143 LEDA 163.510   0.958   0.224 15.300  0.500 10.898  9.533 0.033 UGC 03108                 
1998dk UGC 139      1998 08 19   5.4 E   3.1 N  17.6 6991 00 14 32.16 -00 44 10.9 6991 Ia      3963 LOSS        0.03  UGC00139  UGC_00139               0.24218  -0.73767 102.852 -62.162  53.807 LEDA  6 NED    1.567   0.665  70.524 LEDA  82.580   0.045   0.629 14.458  0.330 13.613 11.044 0.069 UGC 00139                 
2005as NGC 3450     2005 01 21   0.0 E   0.8 N  17.2 8493 10 48 03.52 -20 50 56.5 8493 Ia      4027 LOSS        0.01  NGC3450   NGC_3450               10.80099 -20.84908 267.866  33.490  53.688 LEDA  4 NED    2.612   2.296  32.118 LEDA 109.530   0.056   0.085 12.671  0.204 12.314  8.501 0.048 NGC 3450                  
2005bo NGC 4708     2005 04 17   7.6 W  12.7 S  15.3 8514 12 49 41.03 -11 05 47.3 8514 Ia      4103 Puckett     0.02  F11764    NGC_4708               12.82819 -11.09306 302.239  51.776  56.184 LEDA  3 NED    1.300   0.942  47.713 LEDA  30.370   0.046   0.179 13.907  0.290 13.488 10.140 0.053 NGC 4708                  
1999ej NGC 495      1999 10 18  17.7 E  20.1 S  18.1 7286 01 22 57.38 +33 27 58.0 7286 Ia      4114 LOSS        0.02  NGC0495   NGC_0495                1.38221  33.47142 130.435 -28.941  57.808 LEDA  2 NED    1.109   0.785  49.123 LEDA 168.350   0.072   0.075 13.684  0.391 13.237  9.965 0.031 NGC 0495                  
2002ha NGC 6962     2002 10 21   6.9 W  29.4 S  17.3 7997 20 47 18.58 +00 18 45.6 7997 Ia      4211 LOTOSS      0.02  NGC6962   NGC_6962               20.78864   0.32087  47.406 -25.373  58.516 LEDA  3 NED    2.704   1.991  46.686 LEDA  71.560   0.102   0.158 13.003  0.079 12.351  8.786 0.029 NGC 6962                  
2005el NGC 1819     2005 09 19  39.0 E  22.6 S  16.0 8604 05 11 48.72 +05 11 39.4 8604 Ia      4470 LOSS        0.01  NGC1819   NGC_1819                5.19615   5.20061 196.173 -19.395  60.451 LEDA  2 NED    1.549   1.059  51.126 LEDA 116.220   0.114   0.000 13.671  0.346 13.110  9.227 0.031 NGC 1819                  
1999dk UGC 1087     1999 08 12   4.1 E  26.2 N  16.7 7237 01 31 26.92 +14 17 05.7 7237 Ia      4485 LOSS        0.01  UGC01087  UGC_01087               1.52406  14.27742 137.350 -47.471  61.715 LEDA  6 NED    1.069   0.991  25.534 LEDA -99.999   0.051   0.057 14.784  0.365 14.483 11.096 0.082 UGC 01087                 
2000dm UGC 11198    2000 09 24   3.6 W   4.7 S  16.1 7495 18 18 58.97 +16 14 53.4 7495 Ia      4507 LOSS        0.01  F18171    UGC_11198              18.31644  16.24953  44.078  14.370  64.190 LEDA  3 NED    1.276   0.310  84.937 LEDA  49.670   0.185   0.662 15.009  0.407 13.500 10.532 0.034 UGC 11198                 
2005kc NGC 7311     2005 11 09   7.6 E   7.4 S  15.5 8629 22 34 07.34 +05 34 06.3 8629 Ia      4533 Puckett     0.02  NGC7311   NGC_7311               22.56854   5.57031  72.337 -43.410  62.560 LEDA  3 NED    1.472   0.679  67.895 LEDA  11.330   0.132   0.400 13.423  0.523 12.405  8.937 0.015 NGC 7311                  
2005de UGC 11097    2005 08 02  17.3 W  33.1 N  18.1 8580 18 02 23.36 +26 03 07.7 8580 Ia      4552 LOSS        0.08  UGC11097  UGC_11097              18.04015  26.04421  52.018  21.714  65.597 LEDA  4 LEDA   1.081   0.338  78.806 LEDA 157.000   0.102   0.660 14.322  0.410 13.176 10.434 0.040 UGC 11097                 
2001L  MCG -01-30-1 2001 01 18   0.3 E   3.8 N  15.4 7566 11 36 48.83 -08 35 07.0 7566 Ia      4567 LOTOSS      0.00  F11134    MCG_-01-30-011         11.61356  -8.58631 273.476  49.969  62.514 LEDA  4 NED    1.660   0.451  82.187 LEDA  77.000   0.036   0.769 14.015  0.419 13.058  9.916 0.039 MCG -01-30-011            
2002cf NGC 4786     2002 04 13  16.4 W   9.4 N  17.0 7877 12 54 31.30 -06 51 24.8 7877 Ia      4647 LOTOSS      0.01  F11784    NGC_4786               12.90901  -6.85964 304.309  56.004  63.442 LEDA  1 NED    1.982   1.507  44.524 LEDA 178.000   0.036   0.000 12.718  0.090 12.492  8.717 0.027 NGC 4786                  
2003gt NGC 6930     2003 07 29   4.9 E   4.7 S  16.4 8172 20 32 59.12 +09 52 19.3 8172 Ia      4694 LOTOSS      0.09  NGC6930   NGC_6930               20.54965   9.87484  54.131 -17.319  63.788 LEDA  3 NED    1.429   0.456  78.295 LEDA   8.500   0.109   0.571 13.773  0.200 12.683 99.999 0.000 NGC 6930                  
2002jg NGC 7253     2002 11 23  20.0 W  13.1 S  16.8 8022 22 19 28.80 +29 23 04.5 8022 Ia      4718 LOTOSS      0.02  NGC7253   NGC_7253B              22.32508  29.38799  87.364 -22.796  63.753 LEDA  6 LEDA   1.279   0.441  76.376 LEDA  67.500   0.066   0.813 14.320  0.893 13.200 99.999 0.000 NGC 7253B                 
2001en NGC 523      2001 09 26   6.4 E   2.8 S  17.5 7724 01 25 22.90 +34 01 30.5 7724 Ia      4758 LOTOSS      0.34  NGC0523   NGC_0523                1.42243  34.02514 130.909 -28.321  66.771 LEDA  5 LEDA   2.512   0.684  82.132 LEDA 101.500   0.054   0.898 13.496  0.066 12.333  9.714 0.022 NGC 0523                  
2002do MCG +7-41-1  2002 06 17   0.0 E   8.2 N  16.3 7923 19 56 12.88 +40 26 10.8 7923 Ia      4761 LOTOSS      0.02  F18591    MCG_+07-41-001         19.93694  40.43400  75.611   6.131  68.408 LEDA  1 NED    1.459   1.459   3.000 LEDA -99.999   0.315   0.000 14.696  0.116 13.262  9.076 0.024 MCG +07-41-001            
2006cm UGC 11723    2006 05 24   2.0 W   1.0 N  16.6 8716 21 20 17.46 -01 41 02.7 8716 Ia      4899 Puckett     0.03  F19363    UGC_11723              21.33819  -1.68432  50.334 -33.464  67.505 LEDA  4 NED    1.574   0.321  90.738 LEDA  27.020   0.048   0.912 14.857  0.341 13.702  9.988 0.028 UGC 11723                 
2006ax NGC 3663     2006 03 20  51.3 E  18.1 N  17.1 8691 11 24 03.46 -12 17 29.2 8691 Ia      5040 LOSS        0.02  F10002    NGC_3663               11.39997 -12.29639 271.830  45.230  68.286 LEDA  5 NED    1.972   1.422  48.000 LEDA  84.670   0.051   0.231 13.133  0.312 12.650  9.894 0.068 NGC 3663                  
2003Y  IC 522       2003 01 29   3.7 W  18.9 N  17.2 8062 08 54 34.60 +57 10 19.8 8062 Ia      5079 LOTOSS      0.02  F07267    IC_0522                 8.90970  57.16671 159.792  39.059  72.423 LEDA  2 NED    1.178   0.940  40.959 LEDA 165.530   0.047   0.000 13.780  0.317 13.499  9.973 0.025 IC 0522                   
1999bh NGC 3435     1999 03 29  10.0 W   3.0 S  16.8 7135 10 54 46.97 +61 17 20.0 7135 Ia      5158 LOSS        0.01  NGC3435   NGC_3435               10.91343  61.28989 144.594  50.649  74.003 LEDA  4 NED    1.419   0.951  52.268 LEDA  32.500   0.015   0.258 13.886  0.410 13.525 10.726 0.046 NGC 3435                  
2003F  UGC 3261     2003 01 08   7.3 E   6.1 N  16.1 8045 05 11 32.99 +17 03 28.4 8045 Ia      5169 LOTOSS      0.07  0508_1659 UGC_03261               5.19230  17.05530 185.748 -13.033  70.911 LEDA  7 NED    1.002   0.773  43.548 LEDA  50.500   0.329   0.207 15.263  0.366 13.620 10.635 0.074 UGC 03261                 
2004bl MCG +0-31-42 2004 04 29   7.9 E  10.2 N  16.0 8334 12 15 12.08 -03 26 18.3 8334 Ia      5192 LOSS        0.02  F11961    CGCG_013-112           12.25322  -3.44096 285.573  58.204  71.451 LEDA  7 NED    1.318   0.305  86.138 LEDA  34.530   0.036   1.124 15.001  0.381 13.700 12.684 0.153 CGCG 013-112              
2006le UGC 3218     2006 10 25  12.4 W  40.1 N  17.6 8770 05 00 41.99 +62 15 19.0 8770 Ia      5226 LOSS        0.01  UGC03218  UGC_03218               5.01214  62.24403 147.888  12.181  74.447 LEDA  4 NED    1.750   1.045  57.961 LEDA 142.350   0.409   0.331 14.463  0.560 12.321  9.208 0.024 UGC 03218                 
1999ek UGC 3329     1999 10 20  11.7 W  12.1 S  18.1 7286 05 36 31.60 +16 38 17.8 7286 Ia      5253 LOSS        0.02  0533_1636 UGC_03329               5.60899  16.64142 189.402  -8.230  72.027 LEDA  5 NED    1.315   0.516  72.827 LEDA   7.000   0.567   0.642 15.090  0.500 11.960  9.780 0.032 UGC 03329                 
2002hw UGC 52       2002 11 09   6.7 W   6.0 N  16.6 8014 00 06 49.06 +08 37 48.5 8014 Ia      5257 LOTOSS      0.02  UGC00052  UGC_00052               0.11375   8.62879 104.560 -52.644  72.284 LEDA  6 NED    1.288   0.968  45.314 LEDA 156.000   0.106   0.216 14.840  0.321 14.139 10.405 0.060 UGC 00052                 
2005mz NGC 1275     2005 12 31  19.2 E  23.6 S  17.0 8655 03 19 49.88 +41 30 18.6 8655 Ia      5264 Puckett     0.01  NGC1275   NGC_1275                3.33006  41.51167 150.576 -13.261  73.882 LEDA  2 LEDA   2.158   1.452  52.018 LEDA 110.000   0.163   0.000 12.604  0.126 11.819  8.126 0.038 NGC 1275                  
1998ef UGC 646      1998 10 18   6.1 E   2.1 S  15.2 7032 01 03 26.87 +32 14 12.4 7032 Ia      5319 LOSS        0.01  UGC00646  UGC_00646               1.05732  32.23734 125.879 -30.566  74.219 LEDA  4 LEDA   1.633   0.628  73.411 LEDA 102.000   0.074   0.572 14.786  0.327 13.841 10.428 0.038 UGC 00646                 
2004ca UGC 11799    2004 06 02  24.8 W   6.2 S  18.2 8350 21 43 32.84 +43 41 33.0 8350 Ia      5338 LOSS        0.03  UGC11799  UGC_11799              21.72647  43.69420  90.751  -7.133  76.144 LEDA  6 LEDA   1.175   0.807  50.866 LEDA  43.000   0.448   0.275 15.390  0.500 13.141 10.300 0.066 UGC 11799                 
2006ef NGC 809      2006 08 18   8.3 E  24.9 N  15.1 8741 02 04 19.51 -08 43 42.2 8741 Ia      5361 LOSS        0.01  F02516    NGC_0809                2.07194  -8.73530 169.464 -64.798  72.051 LEDA  2 NED    1.091   0.843  43.382 LEDA 173.330   0.024   0.000 14.590  0.421 14.406 10.597 0.035 NGC 0809                  
2002jm IC 603       2002 12 07   2.6 E   7.3 N  17.5 8028 10 19 25.20 -05 39 14.5 8028 Ia      5400 LOTOSS      0.01  F08883    IC_0603                10.32362  -5.65619 248.937  40.762  73.544 LEDA  3 NED    1.288   0.748  59.187 LEDA 174.330   0.050   0.176 14.807  0.409 14.334 10.431 0.052 IC 0603                   
1999gd NGC 2623     1999 11 24   7.3 E  17.4 N  17.8 7319 08 38 24.61 +25 45 33.1 7319 Ia      5535 LOSS        0.16  NGC2623   NGC_2623                8.64000  25.75178 198.843  33.972  76.959 LEDA  3 LEDA   2.393   0.697  80.535 LEDA  75.880   0.041   0.592 13.988  0.146 13.163 10.427 0.027 NGC 2623                  
2000dr IC 1610      2000 10 05  20.9 E   5.5 S  18.1 7505 01 01 44.04 -15 34 09.1 7505 Ia      5635 LOSS        0.01  F01246    IC_1610                 1.02850 -15.56781 135.112 -78.196  75.577 LEDA  2 NED    1.403   1.208  34.272 LEDA 110.330   0.021   0.000 13.860  0.359 13.685  9.844 0.038 IC 1610                   
2001dn NGC 662      2001 08 14   4.0 W   3.0 N  15.5 7681 01 44 35.32 +37 41 49.7 7681 Ia      5654 Boles       0.03  F01741    NGC_0662                1.74319  37.69632 134.414 -23.987  79.301 LEDA  5 LEDA   0.807   0.555  50.866 LEDA  21.000   0.054   0.267 14.618  0.148 14.081 10.797 0.045 NGC 0662                  
2005A  NGC 958      2005 01 05   8.2 E   0.7 N  17.0 8459 02 30 43.25 -02 56 19.8 8459 Ia      5738 LOSS        0.02  NGC0958   NGC_0958                2.51184  -2.93920 171.676 -56.110  77.486 LEDA  6 NED    2.506   0.718  80.921 LEDA 179.500   0.030   0.892 12.911  0.049 11.857  8.800 0.020 NGC 0958                  
2001E  NGC 3905     2001 01 05   0.6 E  23.2 S  17.6 7557 11 49 05.00 -09 44 10.9 7557 Ia      5774 LOTOSS      0.01  NGC3905   NGC_3905               11.81803  -9.72997 278.510  50.162  78.438 LEDA  6 NED    1.574   1.072  51.383 LEDA  62.500   0.039   0.281 13.450  0.148 12.963  9.884 0.068 NGC 3905                  
2005ke NGC 1371     2005 11 13  40.0 E  40.0 S  15.0 8630 03 35 04.35 -24 56 38.8 8630 Iabg    1463 LOSS        0.05  NGC1371   NGC_1371                3.58367 -24.93350 218.955 -53.348  17.427 LEDA  3 NED    4.875   3.258  52.393 LEDA 134.470   0.026   0.163 11.590  0.099 11.296  7.630 0.039 NGC 1371                  
1999da NGC 6411     1999 07 05  71.3 W   1.2 N  17.0 7215 17 35 22.96 +60 48 49.3 7215 Iabg    3806 LOSS        0.01  NGC6411   NGC_6411               17.59245  60.81336  89.731  32.629  54.318 LEDA  1 NED    1.803   1.175  53.731 LEDA  68.000   0.055   0.000 12.803  0.115 12.512  9.126 0.023 NGC 6411                  
2001fh Anon. Gal    2001 11 03   0.6 E   6.3 S  17.2 7744 21 20 42.50 +44 23 53.2 7744 Iabg    3894 LOTOSS      0.01  F19452    2MASX_J21204248+44235  21.34512  44.39971  88.218  -3.810  57.827 LEDA  7 LEDA   2.042   0.676  77.374 LEDA 160.670   0.745   0.873 15.284  0.153 11.174  8.531 0.029 2MASX J21204248+44235     
2002fb NGC 759      2002 09 06  17.5 W   9.1 S  17.1 7967 01 57 48.90 +36 20 26.3 7967 Iabg    4667 LOTOSS      0.01  NGC0759   NGC_0759                1.96398  36.34308 137.596 -24.631  65.310 LEDA  1 NED    1.153   1.086  23.051 LEDA -99.999   0.088   0.000 13.840  0.079 13.387  9.139 0.019 NGC 0759                  
1998de NGC 252      1998 07 23  71.9 E   3.4 N  18.4 6977 00 48 06.88 +27 37 28.5 6977 Iabg    4990 LOSS        0.01  NGC0252   NGC_0252                0.80041  27.62381 122.006 -35.242  69.186 LEDA  2 NED    1.832   1.312  48.426 LEDA  82.500   0.060   0.000 13.235  0.410 12.900  9.044 0.025 NGC 0252                  
2006ke UGC 3365     2006 10 19   7.0 E   2.6 N  18.3 8766 05 52 37.38 +66 49 00.5 8766 Iabg    5151 LOSS        0.01  UGC03365  UGC_03365               5.87670  66.81601 146.723  19.281  73.659 LEDA  3 NED    1.799   0.349  90.000 LEDA 152.500   0.188   0.503 14.839  0.317 13.458  9.990 0.056 UGC 03365                 
2002es UGC 2708     2002 08 23  18.8 W  25.5 N  16.4 7959 03 23 47.23 +40 33 53.5 7959 Iabg    5394 LOTOSS      0.00  F04255    UGC_02708               3.39691  40.55780 151.769 -13.630  75.604 LEDA  2 NED    1.079   1.009  24.153 LEDA -99.999   0.180   0.000 15.312  0.489 14.450 99.999 0.000 UGC 02708                 
2002dk NGC 6616     2002 06 13  33.6 E  35.3 N  17.8 7919 18 17 43.52 +22 14 53.4 7919 Iabg    5556 LOTOSS      0.01  UGC11192  NGC_6616               18.29475  22.23847  49.643  17.065  78.611 NED   3 NED    1.346   0.565  70.873 LEDA  53.660   0.146   0.443 14.900  0.382 13.826  9.397 0.025 NGC 6616                  
1999by NGC 2841     1999 04 30 100.0 W  91.0 N  15.0 7156 09 21 52.07 +51 00 06.6 7156 Iabg     638 LOSS        0.03  NGC2841   NGC_2841                9.36736  50.97640 166.942  44.151  11.382 LEDA  4 NED    6.902   3.311  66.574 LEDA 148.000   0.015   0.456 10.063  0.116  9.537  6.062 0.019 NGC 2841                  
2005cc NGC 5383     2005 05 19   1.2 W   5.0 S  17.5 8534 13 57 04.85 +41 50 41.8 8534 Iap     2270 Puckett     0.04  NGC5383   NGC_5383               13.95131  41.84632  84.780  70.082  33.377 LEDA  4 NED    2.460   1.879  44.202 LEDA 107.000   0.006   0.175 12.226  0.168 12.006  8.536 0.038 NGC 5383                  
2005hk UGC 272      2005 10 30  17.2 E   6.9 N  15.9 8625 00 27 50.87 -01 11 52.5 8625 Iap     3912 LOSS        0.00  UGC00272  UGC_00272               0.46381  -1.19991 109.629 -63.460  52.932 LEDA  7 NED    1.343   0.490  74.861 LEDA 125.930   0.023   0.774 15.178  0.321 14.288 12.983 0.201 UGC 00272                 
2001V  NGC 3987     2001 02 19  52.0 E  28.0 N  16.0 7585 11 57 24.93 +25 12 09.0 7585 Iap     4502 Berlind     0.05  NGC3987   NGC_3987               11.95582  25.19538 218.947  77.717  63.512 LEDA  4 NED    2.729   0.685  84.077 LEDA  58.640   0.019   0.809 13.916  0.182 12.989  9.046 0.017 NGC 3987                  
1999ac NGC 6063     1999 02 26  23.9 E  29.8 S  15.2 7114 16 07 15.01 +07 58 20.4 7114 Iat     2848 LOSS        0.15  NGC6063   NGC_6063               16.12027   7.97894  19.885  39.954  40.675 LEDA  7 NED    1.629   0.853  63.404 LEDA 157.180   0.046   0.493 14.063  0.345 13.354 10.550 0.078 NGC 6063                  
1999dq NGC 976      1999 09 02   4.3 W   6.4 S  16.3 7247 02 33 59.68 +20 58 30.4 7247 Iat     4295 LOSS        0.01  NGC0976   NGC_0976                2.56667  20.97678 152.839 -35.869  59.408 LEDA  6 NED    1.578   1.476  24.153 LEDA -99.999   0.109   0.047 13.228  0.059 12.679  9.114 0.021 NGC 0976                  
1999aa NGC 2595     1999 02 11   1.4 E  31.0 N  15.5 7108 08 27 42.03 +21 29 14.8 7108 Iat     4330 Arbour      0.03  NGC2595   NGC_2595                8.46167  21.47915 202.734  30.310  60.063 LEDA  6 NED    1.698   1.148  51.766 LEDA  11.820   0.040   0.290 13.158  0.200 12.672  9.661 0.046 NGC 2595                  
2004bv NGC 6907     2004 05 24   3.8 W  20.7 S  15.6 8344 20 25 06.34 -24 48 53.7 8344 Iat     3161 Kushida     0.04  F18922    NGC_6907               20.41849 -24.80853  18.851 -30.823  42.597 LEDA  5 NED    3.327   2.679  40.228 LEDA  65.650   0.063   0.151 11.919  0.056 11.470  8.370 0.020 NGC 6907                  
1998es NGC 632      1998 11 13   0.4 W  10.8 N  14.6 7050 01 37 17.50 +05 52 50.3 7050 Iat     3168 LOSS        0.06  NGC0632   NGC_0632                1.62152   5.87670 143.189 -55.181  43.041 LEDA  2 NED    1.028   0.885  34.272 LEDA 167.090   0.032   0.000 13.668  0.446 13.481 10.096 0.028 NGC 0632                  
2004gq NGC 1832     2004 12 11  22.3 E  22.4 N  15.4 8452 05 12 04.81 -15 40 54.2 8452 Ib      1939 LOSS        0.02  NGC1832   NGC_1832                5.20092 -15.68760 216.612 -28.902  24.379 LEDA  5 NED    2.460   0.935  73.731 LEDA   9.050   0.073   0.657 11.644  0.516 10.658  8.388 0.025 NGC 1832                  
2005E  NGC 1032     2005 01 13 139.0 W  19.0 N  16.8 8465 02 39 14.34 +01 05 55.0 8465 Ib      2694 LOSS        0.03  NGC1032   NGC_1032                2.65658   1.09378 169.924 -51.648  36.474 LEDA  2 NED    3.532   0.851  85.113 LEDA  67.330   0.038   0.308 12.646  0.097 12.134  8.379 0.018 NGC 1032                  
2003H  NGC 2207     2003 01 08  51.2 E   2.1 S  17.8 8045 06 16 25.68 -21 22 23.8 8045 Ib      2741 LOTOSS      0.02  NGC2207   NGC_2207                6.27280 -21.37269 228.685 -17.008  35.179 LEDA  5 NED    4.864   2.710  60.942 LEDA 115.910   0.087   0.421 12.142  0.303 11.328  8.190 0.037 NGC 2207                  
1999dn NGC 7714     1999 08 19   9.9 E   9.4 S  16.0 7241 23 36 14.70 +02 09 08.8 7241 Ib      2798 BAOSS       0.07  NGC7714   NGC_7714               23.60396   2.15430  88.216 -55.565  38.327 LEDA  4 NED    2.178   1.585  47.423 LEDA -99.999   0.052   0.207 12.985  0.141 12.530  9.762 0.027 NGC 7714                  
2001is NGC 1961     2001 12 22  23.2 E  48.2 S  17.6 7782 05 42 09.07 +69 21 54.8 7782 Ib      3934 LOTOSS      0.07  NGC1961   NGC_1961                5.70152  69.37846 143.823  19.473  57.104 LEDA  6 NED    4.416   3.097  49.670 LEDA  85.000   0.124   0.254 11.787  0.089 10.971  7.730 0.035 NGC 1961                  
2006F  NGC 935      2006 01 11   3.0 E  15.0 N  17.1 8658 02 28 11.37 +19 36 13.5 8658 Ib      4142 CROSS       0.02  NGC0935   NGC_0935                2.46975  19.59981 152.140 -37.724  57.621 LEDA  7 NED    1.585   0.984  56.138 LEDA 155.000   0.190   0.366 13.754  0.410 12.546  9.322 0.039 NGC 0935                  
1998dt NGC 945      1998 09 01  23.1 W  39.5 S  17.7 7006 02 28 35.72 -10 32 59.8 7006 Ib      4480 LOSS        0.04  NGC0945   NGC_0945                2.47699 -10.53863 181.645 -61.749  59.821 LEDA  6 NED    2.065   1.828  31.357 LEDA -99.999   0.025   0.091 12.798  0.074 12.568  9.361 0.043 NGC 0945                  
2006eg CGCG 462-23  2006 08 20   0.6 E   3.2 N  17.2 8741 02 32 53.57 +19 15 33.2 8741 Ibc     3984 LOSS        0.02  F02838    CGCG_462-023            2.54823  19.25822 153.579 -37.503  54.986 LEDA  5 LEDA   0.975   0.740  44.684 LEDA  77.500   0.111   0.195 14.875  0.325 14.175 11.977 0.089 CGCG 462-023              
2003dr NGC 5714     2003 04 13   3.7 W  13.9 S  17.9 8117 14 38 11.13 +46 38 03.4 8117 Ibcp    2237 LOTOSS(s)   0.00  NGC5714   NGC_5714               14.63653  46.63817  82.917  61.340  34.137 LEDA  6 NED    2.838   0.498  90.000 LEDA  81.520   0.015   1.275 14.043  0.327 12.691  9.968 0.033 NGC 5714                  
2002ap NGC 628      2002 01 29 258.0 W 108.0 S  14.5 7810 01 36 23.85 +15 45 13.2 7810 Ibcp     657 Hirose      0.02  NGC0628   MESSIER_074             1.61160  15.78344 138.617 -45.705   9.393 LEDA  6 NED    9.840   9.204  24.153 LEDA -99.999   0.070   0.051  9.704  0.259  9.345  6.845 0.054 MESSIER 074               
2001ci NGC 3079     2001 04 25   6.3 W  25.4 N  18.3 7618 10 01 57.33 +55 41 14.6 7618 Ic      1125 LOTOSS      0.05  NGC3079   NGC_3079               10.03290  55.68034 157.808  48.361  18.363 LEDA  6 NED    8.185   1.291  90.000 LEDA 165.330   0.011   1.388 11.412  0.253  9.970 99.999 0.000 NGC 3079                  
2004bm NGC 3437     2004 04 25   6.2 W   2.5 N  17.5 8335 10 52 35.33 +22 56 05.5 8335 Ic      1283 LOSS        0.08  NGC3437   NGC_3437               10.87652  22.93469 215.180  62.819  18.899 LEDA  6 NED    2.350   0.822  75.957 LEDA 119.000   0.019   0.770 12.532  0.421 11.673  8.878 0.015 NGC 3437                  
2002jz UGC 2984     2002 12 23   1.9 W   4.2 S  15.8 8037 04 13 12.52 +13 25 07.3 8037 Ic      1543 Puckett     0.07  UGC02984  UGC_02984               4.22013  13.42076 179.824 -26.454  20.945 LEDA  7 NED    0.971   0.598  56.467 LEDA 154.500   0.564   0.385 15.980  0.500 13.150 12.142 0.110 UGC 02984                 
2004dk NGC 6118     2004 08 01   4.4 E  43.5 N  17.6 8377 16 21 48.93 -02 16 17.3 8377 Ic      1573 LOSS        0.03  NGC6118   NGC_6118               16.36349  -2.28387  11.457  31.470  22.540 LEDA  7 NED    4.446   1.791  72.099 LEDA  61.190   0.158   0.690 12.440  0.077 11.060  8.703 0.019 NGC 6118                  
2004C  NGC 3683     2004 01 12  17.0 W  10.0 N  14.0 8269 11 27 29.72 +56 52 48.2 8269 Ic      1716 USNO        0.02  NGC3683   NGC_3683               11.45884  56.87699 143.816  56.718  26.634 LEDA  6 NED    1.742   0.710  71.763 LEDA 123.840   0.015   0.654 12.969  0.385 12.238  8.666 0.022 NGC 3683                  
2004cc NGC 4568     2004 06 10   1.9 E  12.8 N  17.5 8350 12 36 34.40 +11 14 32.8 8350 Ic      2255 LOSS        0.01  NGC4568   NGC_4568               12.60953  11.23874 289.815  73.731  32.042 LEDA  5 NED    4.305   1.875  69.743 LEDA  25.040   0.033   0.572 11.686  0.100 10.959  7.516 0.026 NGC 4568                  
2003id NGC 895      2003 09 16  11.3 W  34.6 S  16.7 8201 02 21 35.70 -05 31 51.0 8201 Ic      2288 LOTOSS      0.07  NGC0895   NGC_0895                2.36006  -5.52056 171.772 -59.548  30.086 LEDA  7 NED    3.319   2.218  52.393 LEDA 111.810   0.025   0.309 12.304  0.104 11.875  9.405 0.051 NGC 0895                  
2005az NGC 4961     2005 03 28   8.0 W   5.5 N  16.9 8503 13 05 46.97 +27 44 08.4 8503 Ic      2535 Texas       0.01  NGC4961   NGC_4961               13.09654  27.73408  44.524  86.758  37.047 LEDA  7 NED    1.112   0.877  41.847 LEDA 106.610   0.011   0.181 13.958  0.057 13.714 10.845 0.052 NGC 4961                  
2005lr ESO 492-G2   2005 12 04  18.8 W   2.1 S  18.5 8641 07 11 39.03 -26 42 20.2 8641 Ic      2591 LOSS        0.06  F06246    ESO_492-_G_002          7.19463 -26.70457 239.029  -7.746  32.853 LEDA  4 NED    2.075   1.426  50.866 LEDA -99.999   0.253   0.245 12.990  0.200 11.630  9.224 0.032 ESO 492- G 002            
1999bu NGC 3786     1999 04 16   1.3 W   3.1 S  17.5 7145 11 39 42.50 +31 54 29.1 7145 Ic      2678 LOSS        0.04  NGC3786   NGC_3786               11.66180  31.90936 191.585  73.703  39.178 LEDA  3 NED    1.982   1.016  64.184 LEDA  70.320   0.024   0.257 13.421  0.172 13.027  9.338 0.025 NGC 3786                  
2003aa NGC 3367     2003 01 31  26.4 E  30.2 N  17.5 8063 10 46 36.82 +13 45 32.2 8063 Ic      3037 LOTOSS      0.02  NGC3367   NGC_3367               10.77638  13.75076 231.311  57.965  42.436 LEDA  6 NED    2.799   2.685  19.730 LEDA -99.999   0.029   0.031 12.018  0.031 11.845  8.755 0.028 NGC 3367                  
2001M  NGC 3240     2001 01 21  12.3 E  12.7 S  17.5 7568 10 24 31.48 -21 47 40.6 7568 Ic      3584 LOTOSS      0.03  F09014    NGC_3240               10.40853 -21.79082 263.266  29.541  46.579 LEDA  4 NED    1.191   1.026  34.272 LEDA  81.600   0.068   0.116 13.907  0.186 13.481 10.588 0.052 NGC 3240                  
2002J  NGC 3464     2002 01 21  23.5 W   6.1 N  16.8 7800 10 54 38.36 -21 03 53.6 7800 Ic      3729 LOTOSS      0.05  NGC3464   NGC_3464               10.91109 -21.06591 269.573  34.133  49.718 LEDA  6 NED    2.377   1.545  53.850 LEDA 110.720   0.055   0.317 13.068  0.076 12.490  9.464 0.046 NGC 3464                  
2000C  NGC 2415     2000 01 08   8.3 E   7.4 N  15.5 7348 07 36 57.09 +35 14 38.8 7348 Ic      3784 Foulkes     0.07  NGC2415   NGC_2415                7.61576  35.24194 184.137  23.985  53.482 LEDA  8 NED    0.906   0.891  13.473 LEDA -99.999   0.043   0.013 12.534  0.235 12.329  9.776 0.020 NGC 2415                  
2002jj IC 340       2002 12 03   7.0 E   1.5 S  16.5 8026 03 39 29.55 -13 06 55.8 8026 Ic      4218 LOTOSS      0.01  F03939    IC_0340                 3.65809 -13.11511 201.821 -48.373  55.055 LEDA  6 TURA   1.581   0.565  75.413 LEDA  90.250   0.055   0.000 14.560  0.406 14.260 10.866 0.071 IC 0340                   
2006bp NGC 3953     2006 04 09  62.0 E  93.0 N  16.7 8700 11 53 55.74 +52 21 09.4 8700 II      1052 Itagaki     0.02  NGC3953   NGC_3953               11.89695  52.32653 142.218  62.591  17.607 LEDA  5 NED    6.138   3.126  64.440 LEDA  12.500   0.030   0.466 10.484  0.292  9.881  7.047 0.026 NGC 3953                  
2003bk NGC 4316     2003 02 28   1.9 W   4.2 N  17.0 8086 12 22 42.14 +09 20 01.2 8086 II      1252 LOTOSS      0.01  F12282    NGC_4316               12.37840   9.33257 280.714  70.954  18.158 LEDA  5 NED    2.472   0.581  85.769 LEDA 111.230   0.022   1.062 13.655  0.090 12.491  9.246 0.027 NGC 4316                  
1999bg IC 758       1999 03 28  33.0 W  20.0 S  15.5 7135 12 04 07.30 +62 30 01.2 7135 II      1275 LOSS        0.04  IC0758    IC_0758                12.06995  62.50537 132.132  53.771  21.070 NED   7 NED    1.726   0.789  68.198 LEDA  21.440   0.019   0.596 14.337  0.303 13.456 99.999 0.000 IC 0758                   
2003Z  NGC 2742     2003 01 29   8.4 W  31.0 N  16.5 8062 09 07 32.46 +60 29 17.5 8062 II      1289 BAO         0.02  NGC2742   NGC_2742                9.12598  60.47928 155.122  39.956  20.790 LEDA  6 NED    2.999   1.514  64.778 LEDA  88.330   0.039   0.509 12.071  0.079 11.385  8.808 0.014 NGC 2742                  
2003ed NGC 5303     2003 05 03   3.3 E   4.1 N  14.7 8129 13 47 45.38 +38 18 20.2 8129 II      1419 Itagaki     0.03  F14663    NGC_5303               13.79582  38.30453  79.916  73.752  22.337 LEDA  6 LEDA   0.861   0.441  64.270 LEDA  88.500   0.014   0.485 12.834  0.410 12.279 10.227 0.026 NGC 5303                  
1999an IC 755       1999 03 07   1.8 E   3.1 S  15.0 7124 12 01 10.57 +14 06 12.3 7154 II      1507 BAOSS       0.04  IC0755    NGC_4019               12.01960  14.10383 258.440  72.478  22.016 LEDA  4 LEDA   1.500   0.298  90.000 LEDA 143.780   0.032   0.955 14.211  0.634 13.107 11.334 0.056 NGC 4019                  
2005ad NGC 941      2005 02 06  23.0 E  45.0 N  15.8 8479 02 28 29.45 -01 08 20.0 8479 II      1608 Itagaki     0.01  NGC0941   NGC_0941                2.47441  -1.15152 168.852 -55.126  20.816 LEDA  6 NED    1.871   1.343  48.285 LEDA 167.440   0.035   0.251 13.037  0.090 12.625 10.694 0.080 NGC 0941                  
2004fc NGC 701      2004 10 21   2.0 E   2.0 N  15.5 8422 01 51 03.85 -09 42 06.9 8422 II      1829 LOSS        0.07  NGC0701   NGC_0701                1.85111  -9.70233 164.658 -67.605  23.660 LEDA  6 NED    2.244   1.112  65.443 LEDA  48.870   0.025   0.516 12.808  0.069 12.174  9.170 0.028 NGC 0701                  
2001fz NGC 2280     2001 11 15  15.8 E  66.1 N  17.4 7753 06 44 50.26 -27 37 12.7 7753 II      1906 BAOSS       0.01  NGC2280   NGC_2280                6.74697 -27.63858 237.305 -13.550  23.574 LEDA  7 NED    6.561   2.858  69.743 LEDA 164.180   0.102   0.630 11.059  0.366  9.976  8.255 0.031 NGC 2280                  
2000cb IC 1158      2000 04 27  29.5 W   4.2 S  18.0 7410 16 01 32.15 +01 42 23.0 7410 II      1927 LOSS        0.02  IC1158    IC_1158                16.02613   1.70786  12.056  37.895  27.636 LEDA  6 NED    1.832   0.912  65.278 LEDA 133.580   0.114   0.517 13.839  0.111 12.819 10.238 0.076 IC 1158                   
2002ce NGC 2604     2002 04 10  16.0 W  12.0 S  16.0 7875 08 33 22.1  +29 32 01   7875 II      2094 Arbour      0.13  NGC2604A  NGC_2604                8.55641  29.53874 194.086  33.917  29.756 LEDA  7 NED    1.469   1.365  25.197 LEDA -99.999   0.041   0.058 13.742  0.427 13.497 11.044 0.060 NGC 2604                  
2001dc NGC 5777     2001 05 30  14.0 W  22.0 N  18.5 7662 14 51 16.21 +58 59 03.0 7662 II      2145 Armstrong   0.02  NGC5777   NGC_5777               14.85497  58.97807  98.211  52.011  33.147 LEDA  5 NED    2.965   0.416  90.000 LEDA 144.190   0.011   1.100 13.903  0.328 12.741  9.314 0.016 NGC 5777                  
2006be IC 4582      2006 03 24   6.2 W   0.5 S  15.4 8693 15 45 39.00 +28 05 19.2 8693 II      2145 LOSS        0.05  UGC10021  IC_4582                15.76091  28.08852  44.777  51.603  32.100 LEDA  5 LEDA   1.306   0.340  83.236 LEDA 173.130   0.029   0.890 14.779  0.410 13.749 10.574 0.032 IC 4582                   
2002bx IC 2461      2002 03 31  36.6 W  40.6 N  16.9 7864 09 19 54.98 +37 12 08.3 7864 II      2260 LOTOSS      0.01  F08153    IC_2461                 9.33279  37.19127 186.284  44.718  32.930 LEDA  5 NED    2.410   0.507  89.181 LEDA 143.430   0.012   0.919 14.492  0.420 13.502 10.052 0.020 IC 2461                   
2005ci NGC 5682     2005 06 10   0.6 W   6.1 N  18.4 8541 14 34 44.88 +48 40 19.8 8541 II      2273 LOSS        0.02  NGC5682   NGC_5682               14.57916  48.67009  87.018  60.626  34.684 LEDA  4 NED    0.646   0.240  74.363 LEDA 141.770   0.032   0.604 14.800  0.163 14.040 12.250 0.059 NGC 5682                  
2002ds ESO 581-G25  2002 06 25  67.5 E   7.2 S  15.9 7928 15 13 35.73 -20 40 38.5 7928 II      2277 LOTOSS      0.01  F16171    UGCA_402               15.22526 -20.67525 342.344  31.113  30.734 LEDA  7 NED    3.236   0.668  89.984 LEDA  65.570   0.151   1.210 13.606  0.243 11.736  9.117 0.021 UGCA 402                  
2004be ESO 499-G34  2004 04 07   4.0 W   2.4 N  16.7 8317 10 00 19.47 -24 48 13.0 8317 II      2282 LOSS        0.13  F09802    ESO_499-_G_034         10.00540 -24.80258 260.616  23.685  29.316 LEDA  7 NED    0.933   0.845  28.632 LEDA -99.999   0.059   0.079 14.990  0.200 14.650 99.999 0.000 ESO 499- G 034            
2003ao NGC 2993     2003 02 10   2.3 E   8.4 S  17.3 8070 09 45 48.46 -14 22 14.0 8070 II      2420 LOTOSS      0.01  F07771    NGC_2993                9.76342 -14.36833 249.761  28.771  30.389 LEDA  3 NED    1.355   1.148  35.832 LEDA  93.660   0.060   0.074 13.112  0.055 12.747 10.131 0.041 NGC 2993                  
2003iq NGC 772      2003 10 08   5.3 E  45.9 S  16.2 8219 01 59 19.96 +18 59 42.1 8219 II      2472 Llapasset   0.10  NGC0772   NGC_0772                1.98889  19.00782 144.390 -41.018  33.941 LEDA  4 NED    4.571   2.523  61.319 LEDA 131.000   0.073   0.375 10.707  0.539 10.000 99.999 0.000 NGC 0772                  
2003hl NGC 772      2003 08 20  24.2 E  13.0 S  16.5 8184 01 59 21.28 +19 00 14.5 8184 II      2472 LOTOSS      0.10  NGC0772   NGC_0772                1.98889  19.00782 144.390 -41.018  33.941 LEDA  4 NED    4.571   2.523  61.319 LEDA 131.000   0.073   0.375 10.707  0.539 10.000 99.999 0.000 NGC 0772                  
2002dq NGC 7051     2002 06 18  20.4 W  19.0 N  17.0 7924 21 19 49.95 -08 46 39.8 7924 II      2519 LOTOSS      0.01  F19356    NGC_7051               21.33091  -8.78302  42.719 -36.886  34.452 LEDA  3 NED    1.250   0.925  46.387 LEDA 159.000   0.160   0.111 13.805  0.375 12.963  9.467 0.025 NGC 7051                  
2001bq NGC 5534     2001 05 17  27.6 E   1.5 N  15.9 7628 14 17 42.06 -07 25 01.6 7628 II      2633 Itagaki     0.01  NGC5534   NGC_5534               14.29451  -7.41750 337.168  49.635  36.427 LEDA  3 NED    1.413   1.279  28.632 LEDA -99.999   0.045   0.058 13.136  0.143 12.858  9.629 0.032 NGC 5534                  
2006ca UGC 11214    2006 05 04  14.0 E  17.3 N  16.4 8707 18 22 54.15 +12 26 03.2 8707 II      2669 LOSS        0.02  UGC11214  UGC_11214              18.38146  12.42933  40.934  11.896  38.196 LEDA  7 NED    1.096   1.016  25.534 LEDA -99.999   0.233   0.059 99.999 99.999 99.999 10.938 0.089 UGC 11214                 
2004fx MCG -02-14-3 2004 11 07  56.6 E  11.2 S  16.9 8431 05 11 11.67 -09 23 31.6 8431 II      2673 LOSS        0.01  MCG02143  MCG_-02-14-003          5.18551  -9.38911 210.018 -26.522  34.774 LEDA  6 NED    2.317   0.456  90.000 LEDA  91.000   0.103   1.142 99.999 99.999 99.999 10.413 0.042 MCG -02-14-003            
2002gd NGC 7537     2002 10 05  36.8 E  10.8 N  16.7 7986 23 14 37.01 +04 30 05.7 7986 II      2674 Klotz       0.04  NGC7537   NGC_7537               23.24297   4.49841  82.762 -50.662  36.945 LEDA  5 NED    1.837   0.475  83.348 LEDA  79.000   0.067   0.851 13.838  0.059 12.678 10.213 0.027 NGC 7537                  
2005bb UGC 8067     2005 04 01   4.1 W   6.9 N  19.0 8504 12 57 11.87 -01 42 17.4 8504 II      2839 LOSS        0.01  F11819    UGC_08067              12.95336  -1.70676 305.916  61.132  39.284 LEDA  4 NED    1.288   0.452  75.897 LEDA 137.660   0.018   0.686 14.404  0.678 13.621 10.420 0.061 UGC 08067                 
2000el NGC 7290     2000 11 21   1.5 E   0.0 N  17.5 7523 22 28 26.62 +17 08 51.2 7523 II      2905 LOTOSS      0.02  NGC7290   NGC_7290               22.47402  17.14734  80.747 -33.763  41.074 LEDA  5 NED    1.466   0.705  66.494 LEDA 157.680   0.066   0.503 13.823  0.037 13.015 10.739 0.051 NGC 7290                  
2005U  IC 694       2005 01 30   3.7 W   4.9 S  16.2 8473 11 28 33.22 +58 33 42.5 8473 II      3088 NSS         0.02  IC0694    NGC_3690               11.47600  58.56301 141.899  55.408  46.251 LEDA  7 LEDA   2.410   1.879  42.710 LEDA  40.820   0.017   0.200 13.422  3.595 13.142 99.999 0.000 NGC 3690                  
2002gw NGC 922      2002 10 13  21.0 W  33.0 S  17.3 7995 02 25 02.97 -24 47 50.6 7995 II      3092 Doi         0.04  F02563    NGC_0922                2.41787 -24.78808 211.858 -68.854  39.893 LEDA  7 NED    2.113   1.778  36.474 LEDA  13.800   0.019   0.135 12.396  0.088 12.165 10.023 0.068 NGC 0922                  
2000dc ESO 527-G019 2000 08 09   3.5 W  16.0 S  16.9 7476 20 20 45.47 -24 07 57.5 7476 II      3117 LOSS        0.01  F18766    ESO_527-_G_019         20.34602 -24.12822  19.238 -29.670  41.832 LEDA  4 NED    1.419   0.962  51.639 LEDA 112.710   0.081   0.279 13.890  0.392 13.241 10.713 0.042 ESO 527- G 019            
1999D  NGC 3690     1999 01 16  18.9 W   4.8 S  15.6 7088 11 28 28.38 +58 33 39.0 7089 II      3121 BAOSS       0.02  IC0694    IC_0694                11.47522  58.56183 141.909  55.405  44.290 LEDA  7 LEDA   1.225   0.794  53.968 LEDA 163.590   0.017   0.347 12.880  1.593 12.454  8.422 0.024 IC 0694                   
2001do UGC 11459    2001 08 14   5.2 E   3.7 N  16.2 7682 19 37 23.02 +40 42 24.3 7682 II      3124 LOTOSS      0.03  UGC11459  UGC_11459              19.62295  40.70534  74.083   9.384  46.029 LEDA  7 NED    1.194   0.787  53.130 LEDA   6.000   0.192   0.323 14.029  0.332 12.862  9.775 0.046 UGC 11459                 
2001K  IC 677       2001 01 15   6.7 W   3.0 N  17.0 7565 11 13 56.06 +12 18 07.8 7565 II      3249 BAOSS       0.01  IC0677    IC_0677                11.23236  12.30129 241.131  62.773  45.362 LEDA  5 NED    1.432   0.597  71.081 LEDA  45.130   0.020   0.569 13.611  0.363 12.932 10.712 0.040 IC 0677                   
2002ca UGC 8521     2002 04 03  11.5 E   9.8 S  17.3 7866 13 32 31.51 +01 50 42.5 7866 II      3277 LOTOSS      0.01  UGC08521  UGC_08521              13.54188   1.84764 325.932  62.871  45.705 LEDA  3 NED    1.021   0.847  37.715 LEDA -99.999   0.024   0.104 14.204  0.324 13.965 10.352 0.050 UGC 08521                 
2005an ESO 506-G11  2005 03 03   0.2 E  10.3 N  17.3 8491 12 28 27.35 -24 38 02.4 8491 II      3302 LOSS        0.00  F11646    ESO_506-_G_011         12.47426 -24.63678 296.306  37.939  43.653 LEDA  4 TURA   1.247   0.348  81.527 LEDA 175.750   0.096   0.000 15.261  0.179 14.797 10.885 0.049 ESO 506- G 011            
2005io UGC 3361     2005 11 03   6.1 W  17.6 N  18.6 8628 05 50 24.64 +49 43 06.5 8628 II      3314 LOSS        0.03  0546_4941 UGC_03361               5.84040  49.71373 162.443  11.329  47.519 LEDA  7 NED    0.893   0.695  42.879 LEDA 175.410   0.263   0.199 15.710  0.500 14.363 11.894 0.079 UGC 03361                 
2000L  UGC 5520     2000 02 29   6.9 E  19.3 S  17.8 7372 10 15 01.82 +65 08 03.5 7372 II      3315 Puckett     0.02  1011_6523 UGC_05520              10.25015  65.13990 144.859  44.754  48.773 LEDA  7 NED    1.549   0.979  55.242 LEDA 101.420   0.038   0.351 14.317  0.273 13.783 11.686 0.078 UGC 05520                 
2001cm NGC 5965     2001 06 03  36.2 E  16.4 N  17.5 7641 15 34 06.70 +56 41 26.2 7641 II      3412 BAOSS       0.02  NGC5965   NGC_5965               15.56728  56.68591  90.064  48.756  50.584 LEDA  4 NED    5.082   0.782  90.000 LEDA  52.000   0.017   1.042 12.663  0.101 11.520  8.608 0.031 NGC 5965                  
2003bw IC 1077      2003 03 12  10.6 E   3.3 N  18.0 8093 14 57 22.44 -19 12 45.9 8093 II      3452 LOTOSS      0.02  F15220    IC_1077                14.95600 -19.21350 339.693  34.518  46.525 LEDA  5 NED    1.524   1.262  37.916 LEDA  60.990   0.086   0.135 13.593  0.197 13.064  9.560 0.032 IC 1077                   
2001Q  UGC 6429     2001 01 31   4.6 E  29.6 S  18.6 7576 11 25 19.77 +63 43 15.6 7576 II      3726 LOTOSS      0.01  A1122_64  UGC_06429              11.42195  63.72927 137.836  50.834  54.558 LEDA  6 NED    2.333   2.193  23.425 LEDA -99.999   0.013   0.048 13.781  0.090 13.655 11.212 0.084 UGC 06429                 
2003br MCG -5-34-18 2003 03 07   2.3 W   5.5 S  17.4 8090 14 34 34.98 -27 59 48.8 8090 II      3758 LOTOSS      0.01  F15092    ESO_447-_G_023         14.57644 -27.99522 329.142  29.574  50.733 LEDA  7 NED    1.766   0.948  62.424 LEDA 115.420   0.095   0.472 13.994  0.212 13.088 10.391 0.051 ESO 447- G 023            
2005H  NGC 838      2005 01 15   0.3 E   1.8 N  15.9 8467 02 09 38.52 -10 08 43.6 8467 II      3851 LOSS        0.03  NGC0838   NGC_0838                2.16070 -10.14643 173.991 -64.943  51.232 LEDA  8 TURA   1.318   0.944  48.426 LEDA  75.360   0.025   0.000 13.538  0.117 13.370  9.743 0.023 NGC 0838                  
2002an NGC 2575     2002 01 22  38.3 E   7.4 S  16.1 7805 08 22 47.76 +24 17 41.7 7805 II      3870 Sano        0.00  NGC2575   NGC_2575                8.37915  24.29696 199.220  30.154  53.886 LEDA  7 NED    1.380   1.079  42.539 LEDA 124.020   0.039   0.189 13.727  0.250 13.350 10.226 0.068 NGC 2575                  
2001J  UGC 4729     2001 01 15  19.2 E   2.4 S  17.5 7564 09 00 43.23 +17 37 15.6 7564 II      3900 LOTOSS      0.02  UGC04729  UGC_04729               9.01162  17.62180 210.294  36.262  54.014 LEDA  7 NED    0.885   0.733  37.916 LEDA -99.999   0.028   0.147 14.772  0.392 14.485 12.164 0.113 UGC 04729                 
2005mg UGC 155      2005 12 27   0.3 E  14.7 S  15.4 8648 00 16 44.21 +07 04 19.8 8648 II      3966 Puckett     0.01  F00719    UGC_00155               0.27894   7.07603 107.889 -54.779  54.482 LEDA  4 LEDA   1.384   0.354  83.627 LEDA   3.670   0.040   0.786 14.472  0.410 13.481  9.764 0.022 UGC 00155                 
2000N  MCG -02-34-5 2000 03 04   9.2 E  34.1 N  17.3 7374 13 27 56.19 -13 24 48.3 7374 II      3990 LOSS        0.01  MCG23454  MCG_-02-34-054         13.46544 -13.42273 316.388  48.493  54.411 LEDA  5 NED    1.718   1.247  47.568 LEDA 139.950   0.064   0.226 13.395  0.390 12.866  9.909 0.058 MCG -02-34-054            
2004ci NGC 5980     2004 05 15  10.1 W   2.3 S  17.7 8357 15 41 29.83 +15 47 13.1 8357 II      4092 LOSS        0.03  NGC5980   NGC_5980               15.69178  15.78767  25.808  49.052  58.160 LEDA  5 LEDA   1.641   0.521  78.409 LEDA  14.990   0.035   0.798 13.346  0.560 12.372  9.441 0.024 NGC 5980                  
2000ex MCG -5-9-22  2000 11 26   7.6 E   3.4 N  17.6 7530 03 42 11.71 -27 51 48.0 7530 II      4093 LOTOSS      0.01  F03776    ESO_419-_G_003          3.70310 -27.86414 224.220 -52.323  53.356 LEDA  6 NED    1.652   1.035  55.693 LEDA 130.920   0.013   0.346 13.671  0.321 13.245 10.945 0.072 ESO 419- G 003            
2003ef NGC 4708     2003 05 11  11.6 E   5.1 N  16.3 8131 12 49 42.25 -11 05 29.5 8131 II      4103 LOTOSS      0.01  F11764    NGC_4708               12.82819 -11.09306 302.239  51.776  56.184 LEDA  3 NED    1.300   0.942  47.713 LEDA  30.370   0.046   0.179 13.907  0.290 13.488 10.140 0.053 NGC 4708                  
1999go NGC 1376     1999 12 23   2.6 W  14.8 N  15.5 7337 03 37 05.72 -05 02 19.0 7337 II      4155 LOSS        0.01  NGC1376   NGC_1376                3.61831  -5.04275 191.219 -44.824  55.484 LEDA  7 NED    1.832   1.758  19.730 LEDA -99.999   0.045   0.031 12.889  0.221 12.640  9.804 0.061 NGC 1376                  
2004aq NGC 4012     2004 03 02   4.6 W  12.8 S  17.5 8301 11 58 27.25 +10 01 04.5 8301 II      4182 Armstrong   0.01  NGC4012   NGC_4012               11.97431  10.02142 264.291  68.819  58.195 LEDA  4 NED    1.730   0.516  79.926 LEDA 150.620   0.027   0.725 14.292  0.322 13.416 10.430 0.050 NGC 4012                  
2005J  NGC 4012     2005 01 16  13.6 E   7.4 S  15.9 8467 11 58 28.54 +10 01 09.2 8467 II      4182 TOSS        0.03  NGC4012   NGC_4012               11.97431  10.02142 264.291  68.819  58.195 LEDA  4 NED    1.730   0.516  79.926 LEDA 150.620   0.027   0.725 14.292  0.322 13.416 10.430 0.050 NGC 4012                  
2003ld UGC 148      2003 12 28   8.6 E   1.3 S  16.9 8260 00 15 51.85 +16 05 21.6 8260 II      4213 Puckett     0.08  F00323    UGC_00148               0.26415  16.08936 110.596 -45.928  57.641 LEDA  5 LEDA   1.563   0.482  79.144 LEDA 101.140   0.063   0.776 16.345  2.517 15.267 10.531 0.040 UGC 00148                 
1999cd NGC 3646     1999 05 14   3.7 W  46.4 S  17.9 7169 11 21 42.89 +20 09 24.1 7169 II      4248 LOSS        0.01  NGC3646   NGC_3646               11.36197  20.16953 226.853  68.347  59.625 LEDA  5 NED    3.090   1.476  66.732 LEDA  43.540   0.024   0.529 11.772  0.153 11.112  8.484 0.025 NGC 3646                  
2003hg NGC 7771     2003 08 18  11.5 W   3.9 S  16.9 8184 23 51 24.13 +20 06 38.3 8184 II      4277 LOTOSS      0.04  NGC7771   NGC_7771               23.85688  20.11174 104.263 -40.574  59.945 LEDA  3 NED    2.506   1.245  65.360 LEDA  67.000   0.073   0.269 12.936  0.168 12.296  8.348 0.017 NGC 7771                  
2004al ESO 565-G25  2004 03 03   7.0 W   0.9 S  16.8 8297 09 37 06.66 -22 10 18.9 8297 II      4340 LOSS        0.01  F07737    ESO_565-_G_025          9.61865 -22.17169 254.471  21.912  58.090 LEDA  4 LEDA   0.798   0.424  62.873 LEDA 108.470   0.055   0.381 14.944  0.297 14.280 11.319 0.061 ESO 565- G 025            
2006qr MCG -2-22-23 2006 11 30   2.1 W   5.5 N  17.9 E766 08 38 01.15 -09 49 06.1 E766 II      4350 LOSS        0.04  F06946    MCG_-02-22-023          8.63372  -9.81947 234.790  18.393  57.960 LEDA  5 NED    1.153   0.514  69.017 LEDA 107.600   0.046   0.562 14.570  0.500 13.781 10.962 0.057 MCG -02-22-023            
2003E  MCG -4-12-4  2003 01 05   5.8 W   9.1 N  17.0 8044 04 39 10.88 -24 10 36.5 8044 II      4409 LOTOSS      0.02  F04527    ESO_485-_G_004          4.65314 -24.17960 223.135 -39.028  57.671 LEDA  5 NED    1.510   0.167  90.000 LEDA 143.180   0.048   1.405 15.973  0.270 14.329 99.999 0.000 ESO 485- G 004            
2004er MCG -1-7-24  2004 09 25   7.3 E  22.2 S  17.0 8412 02 36 59.04 -05 21 19.7 8412 II      4411 LOSS        0.02  F02493    UGCA_036                2.61629  -5.34919 176.740 -56.753  59.278 LEDA  6 NED    1.253   0.946  45.001 LEDA 153.670   0.026   0.210 13.930  0.384 13.585 10.734 0.081 UGCA 036                  
2001hf MCG -03-23-1 2001 11 27   9.0 W   4.3 N  16.1 7765 09 05 07.46 -18 31 04.5 7768 II      4486 LOTOSS      0.02  F07839    ESO_564-_G_015          9.08559 -18.51879 246.282  18.664  59.638 LEDA  5 LEDA   1.023   0.310  79.592 LEDA  83.900   0.123   0.813 14.310  0.200 12.934 99.999 0.000 ESO 564- G 015            
2002hh NGC 6946     2002 10 31  60.9 W 114.1 S  16.3 8005 20 34 44.29 +60 07 19.0 8005 II        48 LOTOSS      0.04  NGC6946   NGC_6946               20.58131  60.15383  95.719  11.672   4.363 LEDA  7 NED   11.402  10.940  19.730 LEDA -99.999   0.342   0.031  9.750  0.217  8.237  5.369 0.034 NGC 6946                  
2004et NGC 6946     2004 09 27 247.0 E 115.0 S  12.3 8413 20 35 25.36 +60 07 17.7 8413 II        48 Moretti     0.05  NGC6946   NGC_6946               20.58131  60.15383  95.719  11.672   4.363 LEDA  7 NED   11.402  10.940  19.730 LEDA -99.999   0.342   0.031  9.750  0.217  8.237  5.369 0.034 NGC 6946                  
1999gi NGC 3184     1999 12 09   3.5 W  60.5 N  14.5 7329 10 18 16.66 +41 26 28.2 7329 II       592 Kushida     0.00  NGC3184   NGC_3184               10.30472  41.42436 178.335  55.638  10.490 LEDA  7 NED    7.396   7.178  17.243 LEDA -99.999   0.017   0.024 10.411  0.155 10.312  7.225 0.067 NGC 3184                  
1999em NGC 1637     1999 10 29  15.4 W  17.0 S  13.5 7294 04 41 27.04 -02 51 45.2 7294 II       717 LOSS        0.03  NGC1637   NGC_1637                4.69116  -2.85764 199.559 -30.015   8.427 LEDA  6 NED    3.177   2.742  34.042 LEDA  16.270   0.040   0.111 11.557  0.154 11.267  7.974 0.045 NGC 1637                  
2005ay NGC 3938     2005 03 27  15.0 W  56.0 S  15.1 8500 11 52 48.07 +44 06 18.4 8500 II       809 Rich        0.06  NGC3938   NGC_3938               11.88034  44.12140 153.877  69.318  13.929 LEDA  6 NED    3.548   3.443  17.243 LEDA -99.999   0.021   0.022 10.921  0.033 10.802  7.809 0.048 NGC 3938                  
1999br NGC 4900     1999 04 12  40.0 E  19.0 S  17.5 7141 13 00 41.80 +02 29 45.8 7141 II       969 LOSS        0.05  NGC4900   NGC_4900               13.01091   2.50071 308.442  65.274  13.871 LEDA  6 NED    2.128   2.018  21.878 LEDA -99.999   0.024   0.041 11.911  0.093 11.762  8.638 0.038 NGC 4900                  
2006T  NGC 3054     2006 01 30  22.0 E  21.0 S  17.2 8666 09 54 30.21 -25 42 29.3 8664 IIb     2433 Monard      0.05  F07617    NGC_3054                9.90799 -25.70290 260.195  22.133  31.196 LEDA  5 NED    3.581   2.183  57.009 LEDA 110.850   0.075   0.329 12.339  0.145 11.668  8.343 0.029 NGC 3054                  
2000H  IC 454       2000 02 07  19.6 E   0.2 S  17.3 7361 06 51 07.67 +12 55 18.5 7361 IIb     3945 LOSS        0.02  IC0454    IC_0454                 6.85174  12.92203 201.355   5.780  53.848 LEDA  3 NED    1.816   0.942  63.753 LEDA 137.500   0.229   0.347 99.999 99.999 99.999  9.387 0.023 IC 0454                   
1999el NGC 6951     1999 10 20  21.8 E   8.4 S  15.4 7288 20 37 17.72 +66 06 11.5 7303 IIn     1424 BAOSS       0.01  NGC6951   NGC_6951               20.62057  66.10564 100.896  14.853  23.345 LEDA  5 NED    3.214   2.046  54.900 LEDA 132.190   0.373   0.315 11.959  0.214 10.022  7.220 0.025 NGC 6951                  
2003dv UGC 9638     2003 04 22  37.5 W  31.8 N  15.7 8121 14 58 04.92 +58 52 49.9 8121 IIn     2271 LOTOSS(s)   0.00  UGC09638  UGC_09638              14.96937  58.87173  97.117  51.431  34.914 LEDA  8 NED    0.513   0.409  40.959 LEDA  44.710   0.014   0.182 16.024  1.055 15.779 99.999 0.000 UGC 09638                 
2006bv UGC 7848     2006 04 28  28.4 E   0.6 S  17.8 8705 12 41 01.55 +63 31 11.6 8705 IIn     2513 Puckett     0.02  UGC07848  UGC_07848              12.68260  63.51968 124.899  53.569  37.895 LEDA  7 NED    2.009   0.798  72.498 LEDA  60.990   0.015   0.697 14.476  0.310 13.700 11.768 0.064 UGC 07848                 
2000eo MCG -2-9-3   2000 11 16  12.0 W  20.9 S  19.2 7524 03 09 08.17 -10 17 55.3 7524 IIn     3102 LOTOSS      0.03  F04415    MCG_-02-09-003          3.15249 -10.29340 192.157 -53.491  41.201 LEDA  3 NED    1.714   0.684  72.366 LEDA 176.000   0.081   0.326 14.035  0.366 13.318 11.046 0.075 MCG -02-09-003            
2003G  IC 208       2003 01 08   6.0 E   9.8 N  15.8 8045 02 08 28.13 +06 23 51.9 8045 IIn     3449 LOTOSS      0.01  IC0208    IC_0208                 2.14104   6.39486 154.813 -51.645  47.718 LEDA  5 NED    1.306   1.114  35.175 LEDA 167.850   0.054   0.110 14.663  0.318 14.291 10.679 0.081 IC 0208                   
2005aq NGC 1599     2005 03 07   1.7 E  10.8 N  17.2 8492 04 31 38.83 -04 35 06.8 8492 IIn     4042 LOSS        0.01  F04731    NGC_1599                4.52742  -4.58831 199.896 -33.001  53.422 LEDA  6 NED    0.805   0.764  21.878 LEDA -99.999   0.039   0.040 14.098  0.030 13.870 12.182 0.115 NGC 1599                  
2002bu NGC 4242     2002 03 28  72.9 E  97.6 N  15.5 7863 12 17 37.18 +45 38 47.4 7863 IIn      517 Puckett     0.01  F12669    NGC_4242               12.29172  45.61937 140.770  70.316  10.090 LEDA  7 NED    3.802   2.673  49.534 LEDA  20.760   0.012   0.280 11.594  0.185 11.260 99.999 0.000 NGC 4242                  
2004dd NGC 124      2004 07 12   9.9 E   9.5 S  17.1 8373 00 27 52.98 -01 48 46.3 8373 IIP     4060 LOSS        0.01  NGC0124   NGC_0124                0.46454  -1.81011 109.368 -64.060  54.834 LEDA  6 NED    1.265   0.718  60.174 LEDA 168.190   0.026   0.422 13.819  0.357 13.264 10.755 0.068 NGC 0124                  
